7.75367	-4.44619	1.47904	3.80529	-2.13729	-5.87864	5.0516	0.536433	3.29606	-11.2838	-1.68144	-0.547566	-3.584	0.605357	
19.5897	-2.27426	3.35396	2.36911	-0.921785	-3.88663	-3.17797	-4.19655	1.12021	-6.58305	2.92632	1.9701	-1.9552	6.20403	
23.0384	-2.94756	0.472658	6.83845	0.175847	-0.305659	1.63356	1.65521	1.1961	-0.432351	2.63566	-1.0685	0.0404695	3.00945	
25.3368	-3.55523	0.864435	7.91278	-0.00117679	-1.35896	-1.45536	2.20076	-1.32377	2.65455	2.38157	4.2587	-5.50669	-1.86237	
27.643	-2.18281	1.07678	5.86836	3.30665	0.112155	1.84858	-0.858728	-1.09313	1.76429	-1.22323	2.29435	1.07245	5.16995	
28.8217	-3.28056	2.08661	1.40374	2.33803	-1.27628	0.545184	0.106125	-2.42804	-0.517443	1.85783	0.85322	-2.88328	2.15362	
31.1751	-2.65387	1.67241	2.92726	0.623848	-0.998481	0.673585	-2.94512	2.04905	-1.08581	0.961659	-2.30714	-2.95081	-1.45332	
30.3058	-4.21735	0.972287	7.83684	1.60216	-4.73615	-1.25123	-1.70123	-1.90851	-5.43436	4.5621	1.82879	0.155666	3.18156	
31.9017	-3.77249	3.41485	5.5118	0.191711	-9.86224	-4.39643	-1.12696	-6.56671	-2.89641	1.4947	-0.439297	-7.27643	0.284347	
33.1828	-2.10368	4.14163	5.64634	5.01931	-3.33329	3.18896	1.19447	-9.00954	-5.5079	-2.63717	1.0958	1.15506	-1.80743	
33.7541	-1.83026	4.502	6.26419	8.08645	-4.39071	-0.606273	-2.24269	-2.76531	0.800646	3.27817	0.375105	5.6661	5.75698	
35.638	-1.47148	3.63835	0.991488	1.76309	-1.32684	-4.2804	-0.567016	-6.40771	-3.15349	2.38041	2.47038	0.934098	9.54498	
35.85	-1.84289	1.79286	2.15027	-0.797255	-6.64325	-1.17209	-4.8734	-2.42594	1.81204	9.6622	5.32076	1.12745	7.0821	
36.5909	-1.76764	1.43297	3.68064	1.65692	-2.65519	0.803295	-1.14058	-5.10831	-1.69957	5.68061	5.16118	-3.72941	5.53728	
36.6271	-1.79279	1.13704	3.55867	2.32682	2.25003	-2.75076	-0.237916	2.99359	3.14149	11.3617	-0.94739	1.15483	-0.727741	
37.8672	-2.73159	-0.244665	5.22888	3.85053	-0.133565	3.80498	4.97696	-0.703701	3.13199	3.0809	1.78975	2.41567	-4.25039	
36.5068	-2.88648	-0.419826	1.57883	1.86552	-1.2115	4.0371	2.39403	-1.46234	-5.44586	4.19809	-1.89055	2.2583	-3.56441	
38.6877	-0.762794	3.23232	1.99788	4.52722	-5.43134	-6.65573	-5.6383	-3.08666	4.57891	2.5481	-1.9898	2.13226	2.43464	
38.9014	-2.14581	3.95521	4.20671	-1.61439	-2.1212	-3.56215	-6.08697	-8.16399	0.33861	2.99547	-3.34247	1.02526	0.221598	
39.307	-0.587415	1.39726	4.24126	2.94615	-4.15417	-5.27086	-2.82381	-4.89316	0.736599	-0.448506	-1.53164	-2.56408	-0.749906	
39.9607	-2.28017	-0.161675	1.89829	-0.0392508	-4.0017	-0.418751	1.0433	-3.4409	2.63891	-0.17841	-0.736543	-3.47093	1.27756	
38.4909	-3.38237	2.72179	6.18017	6.95368	4.49875	1.15076	-4.87606	-4.32396	-0.304703	0.592659	-0.89881	1.23942	8.00329	
40.5158	-2.63682	4.32975	4.973	-0.659506	0.124531	-1.23451	-0.770466	-0.0615396	2.62649	3.29529	-1.51951	1.21692	4.92095	
39.3253	-4.41485	-0.699452	0.672654	-0.496985	-4.33441	-1.62802	1.0155	-2.61772	5.8227	6.85116	2.17503	-0.135797	3.16048	
40.3295	-2.90219	0.0821954	4.21859	1.74132	-6.41877	0.772233	-4.62246	-7.88478	5.6677	2.06395	-1.43057	1.12746	0.702251	
40.4761	-3.36595	2.95286	5.82923	-2.77154	4.09449	3.2978	2.01036	-1.06588	4.5882	-2.25794	-0.878703	4.29297	4.62582	
42.3139	-1.96527	0.617646	5.41583	-0.870406	0.540144	4.54894	5.00687	-0.0929087	6.5312	3.851	-0.684112	-1.01367	0.245056	
41.9394	-1.71761	4.03629	4.80371	0.661099	-0.756343	2.81292	1.01654	-1.51392	1.3917	-2.50291	5.09999	1.22807	0.18252	
42.0103	-0.646685	2.59	8.10074	4.00096	-5.52587	-3.71529	-4.81732	1.89291	7.4201	-0.654041	4.82399	7.90148	-1.53685	
42.4941	-0.907603	2.78646	6.24796	3.11078	-5.97495	-0.632213	-4.05052	-4.23568	-1.90566	-0.031312	-5.15129	1.20618	-2.71394	
41.8438	-3.59747	1.66531	9.35169	5.9243	-3.99891	4.38564	-2.0808	-3.06419	-7.73287	0.938055	-2.57704	0.117499	2.90994	
43.2167	-2.56677	4.82364	10.4392	2.29932	-1.63194	0.451212	3.14955	0.28296	-0.38846	1.07455	3.54467	0.560204	3.5255	
43.7915	-1.56811	5.14103	8.97785	0.0284501	-4.60593	-1.77646	3.0827	0.131167	3.75629	1.12606	-1.1368	0.152854	3.7689	
43.3953	-1.73012	0.719895	3.49657	0.0537572	-0.16718	-1.31579	3.3201	-0.596105	-3.32987	-0.764841	-1.88033	-3.62232	-4.10353	
43.0943	-1.52232	2.0559	4.34249	-1.89774	-4.62479	-1.2046	-2.7301	-1.56819	-4.22892	0.449513	-0.410657	-2.12757	-0.901689	
42.9347	-1.16444	4.11592	6.76346	-1.72699	-2.85764	2.01244	4.73737	1.07256	-3.78897	0.434026	3.42958	4.84982	1.86701	
43.1484	-4.47644	-0.365481	6.14058	2.82019	-1.04648	6.61022	6.0859	2.97277	-1.34312	2.65421	5.76795	3.48036	2.53779	
42.9084	-0.488203	3.84698	6.73837	-0.394644	-3.77999	7.0355	1.17198	-4.75241	-1.21868	2.18836	3.27348	-1.41721	0.934108	
41.9661	-3.92804	-1.81447	2.52887	1.45196	-4.73002	5.44132	0.604088	-2.8059	0.214243	2.55696	-1.84708	-0.448456	3.63178	
41.7414	-2.59014	1.09009	0.671417	3.00171	-1.45559	-5.90126	-2.30514	-2.95887	2.00024	2.06244	-1.78834	-3.55971	5.02838	
43.3276	-1.98433	1.06836	5.06732	4.75616	3.02084	-2.57252	0.0473509	-1.66028	-1.24834	3.98899	-1.55339	-5.43051	-2.91475	
43.4878	-0.835189	1.24517	5.27676	-1.10918	0.0405051	-3.93342	3.08742	1.97585	-7.96319	4.78006	4.33982	4.60668	-2.54555	
42.981	-3.02304	2.51829	6.33677	0.0562677	-6.6078	2.02876	8.542	-1.07468	-3.69494	2.8736	-1.25442	1.37134	-2.83906	
43.3689	-3.30277	1.52547	10.3717	3.95311	-4.16051	1.48057	0.443943	2.7127	4.64793	0.305417	-1.51547	3.03062	2.15087	
43.5286	-2.55668	1.5276	5.26142	3.02246	-5.16122	1.09261	1.92331	1.64609	2.30539	5.78451	-2.21827	-1.80811	1.11598	
42.3051	-3.40581	1.95441	4.50223	7.96205	-1.45583	-3.20909	1.60589	-5.53311	7.10047	5.65733	-2.52676	-1.19541	-0.0101937	
42.1633	-3.31551	-0.349492	2.76124	3.33274	-3.9361	2.82315	1.47046	-0.0698293	-0.999014	5.98971	-0.166021	-5.33002	-0.66194	
42.1557	-2.60728	1.73665	5.73391	3.50336	1.51279	0.246277	-3.75085	0.116323	0.456818	-0.346774	-2.70751	4.45724	6.40225	
42.8818	-3.99709	0.230877	4.2381	0.212309	-0.57167	-4.1636	-1.97301	-1.40757	-1.86378	1.54883	-4.49683	2.88721	0.326365	
42.2652	-3.14946	-2.81605	2.1836	-2.00451	-0.0804926	0.595609	-0.995406	-4.55592	0.805996	6.2846	3.37723	-0.0176284	1.94762	
42.4706	-3.41757	-0.156648	6.56222	1.1886	1.78861	3.72325	1.05266	1.17026	-3.74156	1.20862	-0.417641	-4.40974	-1.00007	
43.011	-1.51689	3.56645	5.04537	0.312913	-2.46315	0.302151	-5.608	-0.209175	-0.935405	5.27845	-0.52332	-2.88375	-1.05663	
43.3998	-1.27441	2.19773	3.52643	2.9399	1.05477	-1.18044	-2.03829	-3.12814	2.36283	6.54424	3.32467	-2.16429	-0.282255	
42.9439	-1.88451	4.06833	4.30089	-2.78229	-4.21628	0.763353	-4.04325	-6.18341	1.56278	4.18679	-3.23714	-0.88191	2.97884	
42.068	-3.76786	1.09301	7.06215	-0.618399	-0.407905	7.64737	-1.99446	-0.0654895	8.05992	5.25803	9.04741	-2.12892	8.10147	
41.6313	-5.17314	-0.0517568	5.53331	2.59405	2.03632	3.08655	4.67502	-6.39575	0.504704	-0.738843	0.513566	1.8836	6.13638	
44.1242	-3.67677	-0.303689	5.94588	0.31747	2.85605	-2.91807	1.99383	4.63408	2.11243	3.61164	4.76444	-0.41497	-0.48605	
52.7186	-8.47378	6.86998	19.8614	-13.2308	3.2633	0.115894	-6.27125	6.43382	-4.9652	-7.67458	1.39913	-1.26568	1.07817	
52.5902	-7.90128	10.3718	21.1781	-10.0265	5.03914	8.72998	-1.58943	4.45798	-2.38581	-4.49662	1.8354	-0.734785	-3.421	
53.9121	-9.47044	8.23077	18.2444	-3.30663	7.70254	4.57479	-0.610656	4.57335	-0.718891	-1.54727	0.948272	2.11536	-1.93079	
53.6179	-11.7773	6.26549	20.4493	-6.11344	1.6641	-0.429349	-4.31757	4.79146	-0.945396	-2.444	5.39844	5.08931	-4.12842	
52.4982	-14.2147	6.80112	20.0628	-14.4994	-1.71426	3.9649	-8.12965	2.35431	6.26726	-1.98548	1.04763	7.67042	2.41926	
54.4487	-13.0172	8.57383	23.8999	-9.25794	4.19964	4.94759	-6.355	4.86753	3.41915	-8.40461	3.09588	-1.76751	-4.42766	
63.7394	-8.64596	10.0433	22.6713	-5.71085	5.89694	2.32796	-2.37354	1.26745	6.25112	-1.87859	-0.767647	-2.97613	-4.38573	
67.9908	-11.477	13.0447	25.0884	-6.20796	4.27728	0.573103	-4.09502	-0.403246	3.80745	-4.31927	-0.0187381	-1.51382	-1.82703	
68.4106	-12.5859	13.4508	25.8793	-6.37743	8.23728	4.07969	-0.0300507	2.94971	3.48229	-2.27342	4.12868	-0.0764499	-2.98317	
68.9536	-12.4064	11.2651	27.0796	-6.08402	8.33953	4.64134	-0.381345	2.29085	3.64968	-0.944599	3.16252	2.83112	-0.774171	
69.0469	-12.0758	11.3391	27.1979	-6.03725	6.6053	5.30253	-1.0726	4.16526	6.62258	0.0250989	3.44436	3.22529	-1.36228	
68.9755	-11.7562	10.3168	26.0902	-6.30225	7.07153	5.72837	-0.832945	4.26393	6.18841	-0.0845769	2.85868	3.17075	1.10565	
69.0848	-10.5768	10.2094	26.0502	-6.44609	7.42448	4.88018	-2.12396	3.13132	5.65013	-0.390419	2.52192	3.0726	-0.556804	
69.1489	-10.7018	10.276	26.0158	-5.7654	7.64476	3.819	-3.03097	2.55066	4.98159	-0.717461	1.12583	3.83832	-0.686202	
69.3784	-10.7094	10.4306	26.1518	-7.15017	6.42607	5.13667	-2.5948	3.05427	3.73124	-1.27281	0.530929	4.17762	0.265933	
69.4923	-9.65596	9.4727	25.3782	-6.28495	5.22572	5.3793	-2.37801	1.8973	2.79276	-1.18387	1.1838	2.85016	1.23809	
69.8575	-9.55888	9.42948	25.6959	-6.39918	2.48553	4.81319	-3.36615	2.80753	0.830653	-2.09909	-0.464541	2.91129	2.17479	
69.8932	-9.15819	9.1807	25.3962	-7.18938	2.83805	4.20541	-4.90088	2.0982	-0.947756	-3.22305	-0.532737	4.24821	1.94947	
69.6435	-8.70216	7.16171	24.7131	-8.66797	2.25683	2.53778	-5.23483	0.727585	-1.85237	-4.57512	-0.780919	2.07423	3.38677	
70.3361	-8.23581	6.13685	23.7863	-7.99709	-0.455593	2.71617	-5.61138	-1.21018	-3.99909	-2.62036	-1.80611	2.06186	4.27501	
70.5108	-7.24288	5.60442	23.7373	-6.78087	-2.61889	2.24522	-5.47181	-1.91627	-5.84945	-2.06918	-3.05467	0.335769	6.25511	
70.2271	-5.77994	4.48881	24.1624	-7.01302	-2.70112	-0.295478	-2.38052	-2.5893	-5.94075	-4.10642	-3.59182	-1.84867	6.99069	
71.1589	-5.38846	2.94217	22.0943	-7.96726	-6.39601	-0.960021	-3.77464	-2.72764	-6.27008	-1.71791	-0.996572	-2.9982	7.72008	
71.9823	-4.84904	1.00331	19.7782	-7.93505	-7.32506	-3.42358	-2.95525	-2.10394	-8.28413	0.315074	2.12359	-3.19357	8.01766	
72.0789	-4.26925	0.371041	19.5373	-6.85927	-7.67866	-2.94747	0.0531033	-0.531521	-6.55765	2.84034	3.26654	-0.814585	6.24138	
71.3555	-3.30597	-0.319023	19.8271	-7.73401	-6.39664	-2.17068	1.13243	0.581886	-7.65149	2.48405	6.40013	1.16993	9.25623	
71.4774	-2.60492	-1.8715	18.3693	-7.63498	-7.68696	-5.38339	-1.24632	1.25231	-9.39169	2.52992	4.55874	-1.23427	7.61172	
70.6591	-3.02168	-3.44832	16.0596	-10.266	-10.3405	-8.47064	-4.06259	0.504294	-11.9785	2.61644	3.74401	-1.87041	6.39108	
69.3981	-0.607338	-1.60568	18.9948	-6.75732	-8.21016	-3.79334	-2.57242	5.59195	-5.15331	6.71809	4.10391	-2.18622	5.8565	
67.8947	1.06068	-0.10421	19.5806	-4.11476	-6.37069	-6.5895	1.47163	4.00914	-13.5426	5.35405	2.23894	-3.03572	7.10474	
64.931	1.08909	-0.796602	19.9845	-2.43024	-9.72982	-8.50806	0.436441	0.916123	-15.7028	4.20351	0.901756	-2.94504	4.86383	
60.7329	-0.263014	3.78195	21.196	-5.7626	-7.70101	-3.93425	-0.692588	3.77075	-9.02847	7.82267	4.56563	1.62347	6.54723	
59.9731	-0.533856	1.71843	24.6128	6.74453	-10.0802	-4.70909	-2.64366	-1.17597	-5.92502	3.26897	2.81939	0.710904	9.30822	
59.3541	-1.0021	1.1258	18.7384	-0.21634	-10.6463	-7.25264	-5.71877	-2.1143	-8.02264	2.13063	5.95489	-1.73627	2.82077	
59.4405	-0.959431	3.99452	20.0701	-6.4634	-12.2927	-2.41217	3.17786	2.64738	-7.27574	2.58428	4.91206	1.76219	3.96418	
58.9415	-2.54926	3.88552	18.972	-6.35845	-4.95198	-1.42622	-1.89577	2.90519	-7.09191	5.73335	5.18001	-1.09789	10.8915	
58.2576	-1.68958	2.58168	18.7342	-4.11546	-8.42349	-5.11902	-2.92861	-2.29069	-7.1817	8.73017	6.20539	0.585016	5.91672	
57.1543	-0.46014	2.51306	15.7935	-4.8241	-8.83893	-4.14408	-0.851408	0.778264	-4.87746	2.27642	5.12623	1.42711	11.1565	
57.182	-1.21089	1.29574	14.4863	-3.03668	-8.96131	-6.82888	-0.388877	-1.83477	-1.74334	2.60193	4.16879	4.04283	10.1782	
56.4775	-2.10554	3.97548	13.9086	-4.74732	-7.0631	-4.69425	-4.68702	-2.81049	-11.5131	4.24466	6.29728	1.35255	3.77622	
56.2518	-0.93445	3.18148	12.593	0.385839	-7.02154	1.50451	-3.05406	-0.29194	-10.9614	1.90269	3.74054	0.880344	0.552727	
57.1541	-4.72194	1.8723	13.8506	-2.32683	0.506365	6.44852	5.96199	0.840233	-6.75541	2.86784	-3.10794	-2.38494	0.980384	
56.0711	-4.07615	-0.113268	14.5656	-2.435	-2.56826	0.228611	4.09972	8.45524	-13.7384	-2.18827	-1.226	6.12631	7.35238	
56.9321	-3.37536	-0.0817162	16.5566	-1.23003	-0.48912	-10.7	2.56203	10.9538	-14.1031	2.81176	11.6896	-1.61306	6.51873	
60.2769	0.248385	-0.963451	14.7201	1.82144	3.03241	-8.45314	-4.73786	10.4848	-5.32808	-0.5713	2.47484	-4.40431	1.15203	
67.8686	1.00508	-1.52019	14.6819	0.295038	1.08028	-11.4766	-10.0582	10.7363	-8.53108	-2.9419	0.186127	-4.73626	0.933375	
70.4157	1.00774	-1.7341	14.5227	-1.34599	2.17054	-11.8841	-10.4815	9.55112	-10.8855	-3.85208	-2.82914	-2.16877	3.91941	
71.706	0.893868	-2.83517	12.2786	-1.96537	0.737939	-13.6868	-9.52715	9.06937	-9.58693	-2.15582	-0.550781	-2.58714	3.57993	
72.0113	0.265447	-3.70452	9.31265	-2.8485	0.120114	-13.5878	-10.017	8.27126	-7.47445	0.239773	0.773012	-1.2524	4.36951	
72.4205	0.170066	-4.9167	6.71797	-3.76308	-0.559037	-11.4595	-10.9058	7.38637	-3.35019	0.208335	2.3567	-1.25982	6.40455	
72.5453	0.873521	-5.12269	5.09076	-4.47279	-0.091721	-9.7884	-9.25715	6.21747	0.32603	1.7532	-0.621257	-0.84316	4.84736	
72.0999	1.23321	-6.40073	3.50924	-4.29983	-1.62478	-9.47528	-12.37	3.44792	2.43725	-0.650782	-1.41883	-2.6711	3.23667	
71.8604	1.46993	-7.03004	2.67941	-5.32884	-0.829044	-7.56236	-11.1512	3.71388	7.90306	0.999411	0.985842	-2.26925	2.70312	
71.4091	2.78906	-7.47291	3.34964	-5.20208	-1.25061	-3.78241	-14.2526	3.26868	6.26733	-0.025152	2.47145	-1.97826	1.4692	
70.9074	3.58103	-8.51055	0.713294	-6.84243	-1.38058	-3.24527	-16.4586	1.28578	5.77723	-1.13969	2.78731	-2.23552	1.12684	
70.7071	3.50992	-9.1209	0.71439	-8.83059	-0.525695	-1.38262	-14.7564	1.92332	6.0489	-1.08517	5.40655	-3.19879	0.759506	
70.6971	3.84213	-8.29695	2.02186	-8.95621	0.421757	-0.519497	-14.2822	2.14351	6.47866	-1.98452	5.55992	-3.68192	2.9015	
70.7808	3.27739	-8.68781	1.22033	-9.39897	-3.47176	-1.43381	-12.7697	1.54056	7.5313	-3.35334	7.05598	-6.45253	1.89821	
70.9738	3.60957	-8.17104	2.87159	-11.11	-0.485941	-5.77322	-11.97	-6.54686	10.6018	-7.39523	6.73959	-7.89431	2.28104	
70.8848	2.48759	-9.86176	3.49736	-11.2365	-0.967513	-4.1787	-13.2269	-4.57877	10.5485	-8.17098	6.18576	-3.69481	-0.33207	
70.1641	3.28132	-8.98555	6.58233	-9.59969	-0.791249	-2.8406	-7.16003	-3.99415	11.1147	-6.59071	7.02783	0.00883528	1.58344	
69.3527	4.69208	-11.6076	7.12821	-10.5442	-1.62468	-8.54004	-6.49266	-5.39963	14.6318	-8.10213	5.68186	0.518272	0.996821	
69.095	4.67548	-9.53863	7.46268	-6.93609	-3.11517	-6.63499	-5.04149	-6.25912	11.9355	-4.00302	2.0883	4.29125	-0.551504	
68.1496	5.32303	-10.1476	9.95434	-7.63008	-3.34973	-11.1277	-3.63397	-8.52111	10.3396	-4.79601	2.22095	5.03723	1.96702	
66.7838	4.82909	-10.4421	11.8414	-3.48804	-2.74407	-11.842	-3.86303	-6.34151	7.81449	-5.07272	-4.63683	5.16763	0.924323	
65.6056	4.18051	-10.7846	13.0271	-2.97225	-4.98214	-11.9382	-5.33166	-4.2312	4.19239	-5.04092	-5.46454	4.1234	2.87474	
65.22	4.93435	-8.45967	14.8972	1.23598	-6.25892	-9.76644	1.08677	-5.61538	0.608699	-4.56426	-5.64269	4.32031	0.228718	
63.5359	5.20766	-8.89669	16.1481	4.07435	-3.09916	-9.34582	3.70288	-11.8581	-3.71523	-10.8797	-3.82124	4.89844	1.22182	
63.0714	6.08617	-8.35211	14.881	4.46715	-4.71276	-12.1007	2.16324	-11.0449	-1.38616	-8.05346	-4.96334	5.56523	-2.82794	
63.5217	6.10255	-9.37984	16.6285	3.09469	-5.70838	-12.5532	3.49647	-4.18836	-0.0785391	-5.37548	-5.44314	3.31248	-3.53943	
62.9232	6.47127	-9.45649	17.3024	4.39454	-8.0057	-10.9888	4.45549	-10.2481	0.506878	-5.3001	-6.81816	5.81689	-5.75296	
62.0695	5.71243	-7.79587	20.0343	0.413246	-9.01517	-10.1487	5.12227	-5.86408	-2.42987	-7.49221	-2.91094	6.19059	-5.64978	
60.972	5.05222	-6.43937	17.8434	-1.80763	-6.97933	-6.09815	4.91736	-8.07822	-1.50274	-2.38574	-4.21206	4.17374	-5.07355	
59.009	6.4272	-8.09708	14.5009	0.519853	-9.12671	-6.08704	3.46476	-8.40176	-2.72509	-2.00024	1.10385	4.25758	0.539383	
57.4993	3.60075	-8.86806	13.9235	2.87192	-12.9115	-1.45194	1.7801	-9.95015	0.335554	-0.0711291	4.27787	1.64672	-0.90331	
56.7092	2.78316	-6.74478	15.4464	2.4711	-11.2539	-5.05285	1.54315	-6.5731	1.62343	0.734871	-4.2255	8.53677	0.340304	
56.3285	3.51254	-4.76067	16.1903	1.83139	-14.0939	-9.64062	3.19828	-3.59468	3.32286	-1.92865	4.60265	9.27577	-0.766802	
56.8148	2.1354	-3.77409	18.5255	1.00515	-16.1978	-16.2373	9.09276	-4.15707	-6.17384	-3.4136	3.38671	4.35462	-4.81526	
56.3154	2.87543	-6.82526	17.9891	2.85597	-9.4645	-4.03867	2.63622	-8.86651	-3.94873	-9.63081	0.31147	-0.812657	-3.86986	
55.4483	0.506868	-6.49594	15.1706	-0.637736	-5.49573	-3.58366	-1.20526	-3.70014	0.0846651	-9.2925	2.01067	1.17479	-1.97684	
55.2409	2.28553	-5.99521	14.4589	-0.846189	-12.4681	-7.17688	-4.19715	-8.51681	1.69564	0.198339	2.72113	-3.09607	-5.70496	
54.9278	4.37303	-4.80419	17.7524	1.89112	-7.94055	-9.32143	-11.5526	-4.94964	3.16378	3.6988	1.1767	0.398381	-4.51142	
53.1491	1.3311	-7.24537	15.206	0.968486	-5.76965	-1.29323	-3.95594	-2.71137	-2.55363	-4.99589	-0.373402	-1.00258	-0.75642	
53.0637	2.43455	-5.63745	15.0472	0.312757	-5.73694	-5.22339	-2.80746	-1.0799	1.48383	-1.20297	3.51022	0.535937	-1.94364	
52.6105	3.35449	-5.51426	12.5662	0.461629	-4.3917	-3.40843	-8.16349	-1.52827	2.74414	0.331214	1.17245	6.62356	0.599662	
51.8707	2.0747	-4.66975	12.5759	0.799444	-8.93945	-4.18587	-9.25713	-5.27954	3.81846	1.7325	0.527152	3.52957	4.38982	
51.4568	2.12539	-4.08771	11.0152	2.6553	-9.9144	-5.19594	-8.80777	3.30025	5.83296	1.03497	0.516071	-2.79546	4.59964	
50.5378	1.3837	-4.04518	12.9773	7.92483	-4.42049	-5.94444	-9.00029	-3.99632	5.82391	4.25825	6.21695	1.39696	0.408965	
50.0009	0.636915	-2.19466	8.87798	4.05634	-7.7656	-0.603422	-4.89318	-6.4151	0.199837	-1.70488	0.332109	-0.332532	-1.14239	
49.32	2.19153	-3.25479	6.39224	4.10313	-7.15367	-12.5221	-0.775638	-4.99744	1.54974	-2.4653	-2.91038	-0.381126	1.90169	
48.0946	3.50007	-3.44461	5.30827	3.51937	-5.85375	-4.28126	-3.70872	0.475282	3.45418	7.97197	4.35678	5.16471	0.172632	
48.0679	1.76232	-1.42678	4.7315	-0.308403	-3.00987	-4.2377	-2.81443	-1.50874	3.45561	-0.446979	-1.21465	4.63622	3.55152	
48.6328	3.83886	-0.101197	5.52056	-2.38374	-3.66947	-4.41217	-10.6826	-4.63118	-1.35369	4.70148	0.561224	3.97672	4.90222	
47.5878	0.410638	-2.29384	2.38463	-1.15414	-7.00801	-5.25786	-2.93933	-6.87012	-2.76524	3.84279	1.56829	7.83218	3.80991	
48.1365	2.77029	0.540511	6.29548	4.35597	-4.20611	-7.08975	-1.38173	-2.41014	0.19534	-0.0832017	5.4321	3.35857	2.1063	
46.8566	1.73617	-1.05943	4.81501	3.36794	-9.49982	-7.78903	-1.52851	-2.54465	2.08263	5.11152	4.47822	0.443179	-3.31576	
47.1347	2.12788	2.36447	8.33917	4.66229	-3.20887	-2.89667	-1.25619	-2.0169	7.14467	3.27161	1.31968	3.43289	-0.397179	
45.9381	0.544483	0.631397	3.91833	3.7637	-8.92604	-1.20667	-0.344748	-3.6399	-0.0106975	0.67	3.07935	1.49438	-0.492603	
45.2316	-0.754301	1.34134	0.897753	-1.11113	-6.71721	-5.89571	-1.91453	-7.56744	-5.85748	-6.00683	-5.6634	0.857957	2.34275	
45.961	1.20192	-0.266735	0.971843	0.51586	-4.51331	-7.99302	-4.01833	2.02717	2.48245	8.19221	-5.47522	2.43079	5.87541	
47.114	3.2467	0.872731	3.69248	1.1003	-3.27254	-3.48914	-1.76891	4.439	-0.804268	8.61165	-3.36797	1.84132	-1.39836	
46.8636	0.770837	3.74221	6.69179	0.702083	-3.6399	-5.86284	-5.85781	0.767101	-2.82944	-1.85314	-6.30424	0.393608	-2.27153	
46.1105	0.341369	0.926312	8.73371	1.86407	-1.94292	-5.25195	-10.016	-6.99122	-6.66832	-5.00327	-3.07133	5.56858	4.30921	
44.4433	-0.572575	0.82218	4.80419	2.53934	-8.75662	-10.7128	-7.48009	-4.19323	-5.04025	-1.77724	0.781478	0.0989354	0.0835402	
43.3735	-0.631492	2.2088	5.33031	4.0112	0.0912896	-5.14756	-4.24476	-6.47798	3.56463	0.755215	-3.44475	0.535928	4.07122	
45.0607	-1.0431	3.26655	5.75616	4.59936	1.54026	-8.90588	-6.84078	-3.20351	-1.54279	1.26108	2.04749	2.50221	-1.94711	
44.8406	-0.345307	4.5058	9.85928	-2.91982	-5.53764	-1.51172	-0.805986	-3.81582	-0.347006	-3.07143	9.46884	3.7963	-4.03229	
44.3108	0.785258	3.54194	6.62176	-2.88386	-8.48895	-8.1776	-7.91719	-1.1076	-2.67038	2.74352	4.0788	0.980193	1.60138	
45.5102	-0.223756	4.39096	6.61665	-1.47205	-5.77372	-11.0196	-5.01648	0.121124	1.52858	2.75448	1.14721	5.78074	3.15447	
45.4556	0.895602	3.98624	4.56172	-0.403405	-2.30861	-3.47104	-5.41409	1.94026	3.83672	2.34071	1.08602	3.05198	-0.4025	
44.3071	-0.951224	2.26028	4.27316	-0.456631	-1.65957	-3.86771	-2.50828	2.26526	-1.756	5.99906	1.31016	-4.65451	-0.383795	
44.533	-2.51668	1.75967	6.02928	-0.622009	-7.47015	-6.76548	-7.11293	-4.58322	-2.25592	0.100432	0.764207	-4.66553	-3.15353	
45.0692	-0.971073	2.10148	5.74388	-0.434815	-7.70712	-9.13295	-10.2316	-3.24513	1.25976	7.84478	-3.88243	-3.73998	-0.424153	
44.9985	-1.74873	3.13733	6.43117	4.16063	-3.51821	-0.149463	-2.52692	-5.12122	-2.11274	-3.50895	-2.96606	-0.00380173	-0.363898	
45.1906	-2.00681	1.906	7.55181	3.587	-2.99924	-0.741966	-1.8594	4.55837	1.8133	-0.261904	1.35402	1.85259	3.29293	
44.1085	-0.18733	1.75391	4.79542	-1.51647	1.57234	-1.29645	4.7694	6.58784	8.82069	-6.04742	-0.784615	1.16959	3.688	
43.6076	-3.22561	0.214471	4.66835	-2.97601	-6.14119	0.955149	-6.86488	1.86397	10.2829	4.35475	-5.34205	0.688397	6.33311	
44.1117	-1.49077	2.22951	7.75907	-1.59601	3.19314	5.09603	-3.22097	1.87144	3.01656	5.77244	-4.5455	-3.14109	0.933044	
44.3448	0.0632977	0.860534	4.50543	4.13085	1.61315	3.59875	4.24483	-2.31757	-2.34099	4.29123	-3.34537	-2.78687	-0.962177	
44.208	0.067493	2.33156	4.51032	-0.805552	-5.21272	1.5949	-0.722011	-1.3616	1.51469	-1.773	-3.3818	-7.73597	-1.11212	
44.0725	-1.17715	2.0445	7.0838	1.52517	-0.0842583	2.62809	3.46808	-3.90832	0.646787	0.255315	5.46312	-0.182627	6.616	
43.2854	-1.76984	1.60368	6.11045	-1.76428	-6.26013	-3.80802	6.81173	2.22019	0.188009	2.11463	1.39811	0.388744	5.89087	
44.3045	-0.605045	1.85496	5.14	-2.8639	-1.91381	-2.91348	-1.0132	-2.31656	-4.45413	2.46198	1.89591	-2.14143	4.94137	
44.1232	-2.01472	4.57601	4.59626	1.8123	0.191243	-1.59211	4.91409	-4.52138	-4.31241	2.2032	0.998348	-2.59232	6.10143	
44.2677	-0.927556	0.890531	4.00332	-0.940929	-5.48227	4.31233	6.35116	1.80652	-0.79216	-1.74861	-3.691	3.00041	4.07226	
42.8155	-4.41528	0.137929	5.89015	-3.12266	-0.35623	2.35833	2.49395	0.195698	-2.0841	3.62332	2.12145	1.99804	0.0555356	
43.3916	-2.66458	1.51502	6.85323	-3.289	-2.58061	0.626292	6.58688	-0.463431	-2.0965	6.03487	3.39546	3.51141	2.11942	
43.6951	-1.47002	3.2341	5.59525	0.924074	1.17101	4.09489	0.870785	4.35218	2.5318	9.7175	-0.628354	-1.99508	3.48238	
44.2802	-0.966614	1.28117	2.68321	2.70071	1.49145	-0.803408	-0.669645	-2.1671	-1.20737	2.2622	3.11862	-3.94667	3.82278	
43.9523	-1.78767	1.40989	4.38668	3.34385	-2.09344	3.7627	10.119	-5.36886	2.065	4.79716	5.11471	-1.64595	0.736355	
44.1933	-2.78812	1.65208	6.7775	5.5443	-1.83028	-0.378643	2.10883	-1.8704	0.00510618	4.01918	3.57324	5.20763	4.38509	
44.8375	-3.15543	1.31482	6.14289	3.03889	-0.0678005	-2.28857	5.34418	-0.0767097	1.45719	3.09352	1.94986	4.30865	8.29567	
