6.43293	-4.5883	6.0246	-1.06939	7.42146	0.337069	-3.61597	8.29177	-3.6331	-8.25836	5.70344	-0.748451	-4.50759	-2.20447	
19.7591	-3.52418	6.90721	4.91604	3.76209	-7.74563	-3.45466	1.94546	-5.22932	-4.87765	1.52687	2.75393	-3.66403	-1.41896	
25.0015	-1.79556	4.28876	6.21332	0.290802	-8.54042	1.46864	5.86115	-2.59864	-11.5149	-2.68325	0.940087	0.528672	4.36536	
28.1089	-0.173768	0.289593	2.66045	-1.85853	-3.4825	-6.04486	2.98548	3.64973	-4.79701	0.354314	4.80834	-0.444785	6.79214	
30.6953	-1.471	-0.489561	0.490882	-6.41062	-3.61611	-2.49287	1.82031	3.70316	-1.26632	3.52326	3.23713	-1.51415	-0.862995	
32.2136	-1.32092	-0.327054	3.01182	-1.5416	-0.610672	2.67548	8.49239	1.63952	-4.753	-6.96362	0.758192	-4.72909	-2.66012	
33.1817	-1.24825	-1.62231	1.99966	-1.87757	-7.67657	-2.48318	1.32032	-0.0647489	-2.30516	-3.58418	6.22796	6.7088	2.46238	
34.2997	-0.529796	2.87404	4.4814	2.28353	-10.4109	-1.68744	-1.09712	0.750662	-0.653964	-5.48375	3.85377	3.08102	-1.73512	
34.7913	-2.45966	3.50768	3.42804	-0.382618	-10.8086	-2.52101	1.90233	2.81672	0.164247	-1.80506	1.38643	4.92667	0.435012	
34.8811	-0.767704	4.9975	3.60344	0.168686	-9.46625	-5.20485	-2.91085	-5.35555	4.7684	1.0793	-1.09769	1.38981	-1.53045	
36.3969	-2.74821	3.17949	-0.128095	0.101588	-0.77503	-1.04943	3.76775	1.10395	3.0593	0.925967	7.0384	2.74562	3.35332	
36.8445	-3.84682	1.54526	0.699901	-0.302214	-6.99701	-0.358205	3.49696	0.701336	3.88674	2.4067	3.98617	-1.44617	6.01332	
37.4135	-1.60817	3.87038	1.54713	3.25668	-8.36199	-6.92675	-0.587802	-1.7541	2.52803	-0.809323	-3.01646	-3.90973	5.90841	
38.4275	-2.79009	3.0463	5.83594	1.69283	-8.82632	-4.24798	-3.68934	-6.56925	-10.5047	-5.91677	1.93302	0.412354	2.22711	
39.1632	-1.99976	2.74199	1.64937	-4.66348	-8.79335	-0.391531	-1.54831	-2.83007	-3.61401	-4.16507	-1.73496	-2.3846	0.76921	
39.4329	-3.86018	3.98646	2.17131	-2.76154	-7.55769	-2.902	-5.89906	0.314676	-7.54994	-0.8122	-1.10002	0.732866	5.15519	
39.3909	-3.05071	1.96107	2.91947	-1.38674	-8.26816	-6.63494	-1.22319	-0.679575	-2.01466	-2.54589	-6.18375	2.46564	2.30655	
40.3242	-3.41752	1.81941	1.44142	-1.48135	-11.1002	-10.5148	-0.826113	1.02037	-3.3664	3.31654	2.42041	5.85203	2.09542	
41.1284	-2.66449	-0.11026	0.348338	0.733489	-12.6436	2.00635	4.13182	-0.809679	-0.914762	-1.5263	3.49416	3.90967	2.06735	
43.6432	-3.03343	0.523392	0.403542	0.773281	-6.44695	-3.53771	-7.67164	-3.78664	-9.05058	-0.251445	-3.1664	0.0722124	1.11471	
47.5296	-1.96496	1.55852	0.918457	3.32055	-6.53076	-0.20864	-6.25368	3.32795	-5.51547	-0.779277	-3.97855	-1.9125	-0.19352	
41.8224	-2.1832	2.90134	3.1367	-0.150007	-5.0368	-4.07489	1.4113	1.34342	-2.31969	2.52488	-5.15689	3.92385	1.73591	
46.1181	-4.60615	2.78491	2.08707	5.85138	-11.0208	1.90714	-4.61766	2.15963	1.5377	0.958146	1.84427	1.21136	-0.797226	
47.5634	-5.4092	3.33154	3.92741	9.37928	-8.93647	2.31398	-4.27021	1.90184	-3.26114	-3.04451	0.444245	3.93725	0.657374	
43.3608	-1.9774	3.2329	4.83306	2.19885	-6.96717	0.984977	0.0830838	-1.40408	-2.50518	0.330815	0.379639	-1.61816	0.415923	
44.1678	-2.82765	5.90499	9.95255	7.03036	-2.66324	-2.85728	-0.825707	-3.7156	-4.53579	-1.80027	-1.94837	5.3774	-1.763	
44.0832	-4.66942	1.78528	4.88133	2.49001	-1.50284	-4.53019	0.329961	7.16419	3.91018	-1.30497	-0.792158	-5.06739	-2.57497	
44.2158	-3.56271	0.411174	5.24057	0.721757	-7.73389	-4.05541	-0.88725	-3.08616	-3.17953	-1.51382	2.66145	4.78173	-2.39461	
44.3679	-3.18584	4.11136	5.56316	6.09883	-3.97702	-1.37043	-0.329742	-1.55692	-1.4472	-3.21705	5.88897	3.98511	-2.72293	
44.6995	-5.52721	1.27671	3.64756	5.86618	-5.27236	5.5823	4.43386	2.78622	-0.629614	-3.48611	3.67692	-2.56729	-2.6893	
45.3793	-4.89871	0.0729675	4.6323	4.61178	-12.8722	-1.40937	6.80191	1.205	-1.10737	-5.39798	3.81851	2.65767	-2.01859	
46.6328	-3.17033	1.20805	1.96027	10.451	-14.7745	0.128537	1.22127	2.82064	-0.182356	-5.794	-2.33406	4.14169	-1.96279	
47.1294	-3.98154	1.04418	3.81717	4.41742	-4.89056	2.54604	1.54784	-0.298491	4.81211	1.29138	7.50185	3.46284	-0.439236	
46.4658	-4.06804	1.60606	0.291557	4.32696	-0.777808	-1.14982	-1.91706	4.1608	-3.66562	-2.63689	-0.578045	3.23152	-3.59252	
47.1999	-5.0719	-0.458903	0.524196	2.8505	-5.33522	6.0915	-3.27962	1.79645	-1.92646	-0.9852	3.42155	3.53831	-0.835079	
48.2975	-4.38934	0.162328	2.89554	7.49354	-7.23928	1.92154	-3.53149	-0.637196	-1.94374	-5.05563	1.81231	-0.313395	-3.93599	
47.2275	-5.86866	0.143167	2.0933	6.86196	1.45031	-0.664794	0.127231	0.285018	-3.87955	0.397606	-1.45047	9.24903	0.288813	
48.1391	-3.66175	-0.234441	0.964594	7.10424	-1.2202	-6.39519	0.0850711	4.57601	1.25087	1.63746	6.34715	0.908128	-2.62669	
46.8748	-4.54997	-1.81539	1.62243	-0.767346	-4.47718	3.81766	6.13931	1.24057	-2.81139	-6.2037	2.33449	3.63978	1.22549	
46.2176	-5.95752	-1.9571	0.769782	5.73652	-6.36367	-0.76015	2.78662	0.840926	-3.32035	-1.25433	8.74061	5.03466	5.68246	
47.001	-2.18633	1.08053	0.0383046	2.71071	-7.38361	0.356063	5.44562	5.04852	-7.34438	5.18264	4.72138	0.921099	-1.18019	
46.9359	-2.77841	1.73323	2.67656	7.0901	-1.23706	-4.18474	0.557075	7.24236	-1.08361	-1.46304	4.57545	6.68443	-5.54288	
47.2458	-4.35807	-1.29238	0.652876	0.174758	-7.20474	1.3502	3.5086	7.37079	-2.15988	-2.19522	2.6636	7.17011	-5.33375	
46.4795	-3.82704	-1.70154	1.73035	0.745364	-8.70623	2.45951	1.67184	0.435764	0.163425	-3.30583	-3.64445	0.83584	2.41329	
46.8144	-5.90429	-0.692175	1.39033	1.98474	-6.56061	-0.733165	0.50027	-0.507482	-1.69116	0.738561	-1.18891	6.45198	1.76802	
47.3608	-2.42873	-1.97984	3.72113	8.66341	-7.06506	-0.304428	-8.39312	0.0456868	-3.74319	5.28016	0.885213	2.92444	1.94944	
47.4936	-2.68449	-3.43701	4.73449	3.81635	-7.51194	1.37434	-1.99338	2.79214	-1.729	1.90258	-2.29075	-6.10361	-0.97838	
46.862	-4.14507	0.11512	3.96601	4.42563	-10.1209	-0.286162	8.31506	4.21292	1.11317	2.23008	-0.202772	1.867	-0.798962	
46.4381	-4.60221	-3.34074	0.668493	4.37573	-4.57433	-0.213735	4.5081	4.73473	-5.90784	-2.1909	-1.55103	0.686298	-3.6815	
46.5048	-4.74761	-1.02982	3.48435	4.18956	-6.41921	-2.79843	-2.95413	-0.298904	0.270411	2.57404	0.930476	0.297559	-0.856345	
45.6272	-2.08591	2.03141	3.18957	3.98689	-0.590701	5.76139	-2.51724	0.755749	-2.80311	8.53448	5.85503	2.91907	-0.600725	
46.4354	-3.50271	-1.30201	0.84757	6.59504	-5.36886	6.16332	1.28257	4.99069	-4.29602	0.926618	4.86194	5.65961	-1.42648	
46.4694	-3.35974	-0.403058	3.2045	3.80903	-4.13247	-0.115711	1.0923	4.30789	-0.682378	1.1685	-2.0506	1.8405	3.88427	
46.1069	-2.22114	-0.13115	1.27779	3.04284	-3.17677	-0.817321	-4.33873	2.21954	-2.96507	-1.5177	0.293114	-3.64725	-1.21134	
46.8932	-3.62887	0.207709	3.75976	0.648847	-9.7314	-2.01679	-3.11861	10.8886	1.15981	4.05816	-1.18178	0.110706	0.237592	
46.5145	-2.96747	-1.81592	1.78727	-1.0426	-9.02567	-1.14341	-0.958499	-0.234784	0.143263	0.0632823	-1.05827	6.08483	-2.56886	
45.7455	-3.53479	0.451941	1.98489	3.77032	-7.83591	-2.40841	-6.08713	-5.51198	-3.17403	-6.88361	-3.17685	-3.45152	2.00109	
46.2984	-2.34648	0.576281	5.50454	0.568792	-7.96157	-3.64114	-5.73376	-0.171498	-0.657695	-1.34607	2.99224	4.62149	-0.689898	
45.5504	-0.96302	0.548231	5.14781	7.38897	-3.62488	-1.34561	-7.19656	0.0785495	0.524343	1.24486	1.13576	8.97123	3.29214	
44.7333	-3.55918	0.512293	4.55823	2.89721	-3.59345	-1.00706	-5.64536	5.8537	4.16185	5.45516	-3.17633	6.93837	3.80325	
45.5265	-1.84691	1.09455	2.19592	2.81594	-3.21918	-0.258058	0.584953	0.441373	-4.09401	0.616332	2.98891	2.51664	2.39998	
45.0935	-2.3477	1.8865	5.61723	5.53502	-3.05341	3.17025	7.81268	1.78479	-9.94506	-9.04102	-1.2068	3.16804	-0.362932	
44.7333	-1.40764	1.9476	6.64177	4.14667	-2.34997	5.21856	0.687467	5.44332	-0.24382	-3.52467	0.387247	-0.992999	7.06895	
43.2404	-2.50124	0.591758	6.48201	3.29286	1.39085	3.74151	7.07392	1.94136	2.5525	3.24585	-5.7817	-4.98693	1.45308	
43.4768	-1.9814	0.24718	4.67384	6.6074	4.22681	5.64662	0.0257376	1.02426	4.48533	-0.360425	-0.178898	4.66173	8.94865	
44.6518	-0.499292	1.40531	3.24341	2.18251	-2.36914	1.76706	-0.869651	0.590844	5.62715	4.67933	-0.698415	5.57322	3.55098	
44.5143	-0.387082	4.64167	8.19587	0.507903	-3.84253	2.9619	2.86169	0.0978279	2.79217	-0.713996	-4.40331	-0.242038	-3.0525	
43.6983	-1.90507	2.70403	7.33139	-2.98834	-2.70153	3.82111	-2.47389	-4.16165	-2.62834	1.46663	-4.24842	-3.99221	-0.23951	
42.7101	-2.38423	1.03941	6.56576	-0.730089	-2.13116	-1.15147	-4.03452	-2.16398	4.35439	3.85355	4.45285	-5.51802	0.228318	
43.6931	-2.10218	0.974138	5.96596	2.62574	-3.70523	-4.23471	-0.0217908	-3.75161	-1.79651	0.682193	1.47151	0.666979	-0.00136995	
43.5855	-1.95351	0.858242	7.92934	-1.5259	-5.05418	1.94274	2.25477	-0.788399	-3.32881	-3.01931	1.96311	6.01722	3.87011	
42.6119	-2.6769	2.58007	7.36099	1.02144	-2.36731	-1.31002	-3.70886	-4.40778	-0.727927	-5.99883	1.521	2.42123	1.47557	
42.2545	-2.26405	3.5634	10.054	3.54684	-2.84303	-7.77088	-0.666157	-0.905018	-6.04869	2.12103	2.71153	3.07414	0.471178	
42.5462	-3.54968	4.4387	7.01342	2.66439	-2.40842	-4.56495	-2.13107	0.927097	-6.66125	2.50999	4.38975	3.67645	0.649426	
41.6158	-3.82835	1.04353	7.71172	7.27485	-1.39998	4.44213	3.60832	0.887968	-5.07702	-0.365541	0.398756	4.50582	4.30998	
41.6962	-4.79482	-0.391459	5.34827	4.62549	-3.31603	4.25082	6.70123	0.51516	-5.53452	-1.50946	1.54699	1.93351	-1.32921	
43.2336	-2.63812	0.0363704	4.57568	3.51883	-3.73316	6.02085	2.86683	-4.1665	1.72198	-0.370875	0.0581705	3.96207	3.90301	
42.5517	-2.39336	0.763319	2.86416	3.21797	0.382895	7.74866	7.15789	-1.04817	3.3402	-3.0902	-6.61124	3.29199	-0.904334	
42.5752	-3.1303	0.505563	8.20724	4.39424	4.89778	7.84792	4.06735	2.43929	-7.02178	-2.7331	-1.74534	3.67593	-2.19009	
42.5821	-1.91108	1.61384	6.35987	5.46396	0.793987	0.941348	-2.92888	0.939041	-6.06878	0.412164	-4.80361	0.781843	-2.5782	
43.1617	-2.70647	-0.236607	3.95325	2.07063	-6.79995	-3.36104	-1.57978	-3.72839	-1.08936	4.62092	1.07982	-2.02661	2.06688	
43.854	-3.02749	1.40883	6.15177	-0.0332795	-2.90813	7.96164	-0.463875	-4.15062	-1.41778	0.312515	1.0699	2.12891	0.0868259	
42.3359	-2.25284	2.92681	8.10138	2.73426	-1.65323	8.24548	-7.27437	-9.84663	-3.30662	1.12725	-2.42892	1.06899	7.92534	
43.5386	-1.2507	3.14426	4.85077	4.29586	-2.16962	-2.14402	-2.22616	2.80964	-2.68362	-4.60511	2.85155	5.71961	7.10671	
44.3789	-3.45398	3.15846	4.26761	1.58405	-4.27672	1.25755	-3.31493	0.0238689	-0.0330106	-2.52033	-2.48759	0.821379	2.39172	
49.3816	-9.19158	8.66375	5.31875	0.981539	2.21656	7.11332	-8.55375	5.53873	-2.09129	4.25482	1.2734	8.04886	-1.53965	
56.0681	-4.9035	14.0959	9.51171	1.61893	0.150928	9.23794	-12.9687	2.0814	-3.49521	1.34855	-3.63156	0.68297	-6.1517	
61.4435	-10.7893	15.9328	9.73469	1.7359	-0.323341	5.7863	-14.3692	5.13116	-1.31614	-1.33284	-3.35127	3.44529	-3.85878	
62.8292	-9.69585	15.0442	7.63247	1.31034	-4.65456	5.47094	-12.2079	2.78595	-1.55402	-1.11856	-3.20714	1.49351	-4.85338	
63.3723	-9.57112	16.2371	8.15902	1.08449	-5.20682	9.35816	-8.94619	2.38725	-0.353226	0.962076	-3.75069	-3.4723	-4.68005	
66.7185	-11.6755	17.2203	8.77286	-0.506467	-2.27263	9.28991	-9.1733	0.391084	2.3474	-0.932972	-2.28342	-1.93803	-5.97398	
68.2056	-12.8014	18.3035	9.51354	1.29038	-0.253495	10.2957	-9.14453	3.41003	4.09494	-2.43373	-1.46373	-0.799195	-6.80569	
69.0653	-12.7477	17.7973	9.97299	1.31417	-0.335652	8.59105	-8.36957	4.85064	2.36936	-2.95645	-1.32834	-2.47513	-3.49957	
68.6817	-12.781	18.5232	10.1663	0.551054	0.898118	8.48089	-5.26503	3.31682	0.734727	-0.153363	-1.01521	-0.837375	-3.61255	
68.3783	-11.9349	19.4681	10.9179	-0.959254	0.792865	10.0277	-6.30008	2.96245	0.872278	-2.61254	1.4931	1.12086	-3.52921	
67.6508	-11.6953	17.9102	11.7501	0.638187	2.73493	12.6527	-6.22809	6.09942	2.38429	-4.18644	3.37298	0.0264174	-2.30926	
67.4117	-11.1931	17.6847	12.6825	0.8916	2.95967	10.9971	-7.1125	3.66727	0.493769	-1.73402	1.38258	2.13656	-1.36883	
66.7331	-11.0419	16.781	11.6172	0.0395878	3.83838	10.0513	-4.25943	4.95079	0.608183	1.5359	0.876296	2.99985	-2.9917	
66.7893	-11.1069	16.3312	12.1756	1.78651	3.97189	12.1867	-3.32431	4.92156	2.93917	1.88312	-0.0116566	4.68634	-2.97393	
66.7166	-8.83348	16.8104	12.4683	4.02351	1.77702	10.1523	-2.86528	3.17391	2.83639	-1.42418	0.0307581	3.44472	-3.33689	
66.7225	-8.06554	16.1087	14.5209	4.40197	0.105981	13.8059	-3.59849	6.0447	3.23951	0.838579	-1.19883	0.841128	-4.15896	
67.265	-8.50579	14.1996	15.5677	2.9313	2.3931	12.8914	-3.44759	6.62353	1.14319	1.87779	-2.60843	1.89657	-1.98357	
68.1144	-7.41207	13.9782	15.1165	1.56865	1.00173	12.072	-6.03053	4.21677	0.205936	1.34902	-1.34126	1.78902	-1.57629	
68.9487	-7.2374	12.869	14.2713	1.24772	-0.219348	11.6921	-7.81484	3.06631	-0.355554	1.11698	-3.11263	-1.00808	1.26039	
68.8992	-7.29255	11.0755	15.0164	1.22268	-3.459	10.3312	-8.99209	2.06391	-2.36373	0.929823	-4.43003	2.23963	2.11518	
69.4459	-6.55383	9.44217	15.1967	1.95902	-5.21734	9.42741	-7.97274	-1.26443	-2.80221	0.435254	-6.67746	0.124599	1.94145	
70.081	-5.5758	7.36287	15.6754	3.45385	-7.60418	10.1591	-10.0734	-1.47836	-6.46345	-0.292386	-5.02049	-1.99523	4.50456	
70.4181	-4.10661	6.39574	15.6896	4.12889	-9.44905	8.26385	-10.1575	-1.7481	-8.45099	0.778528	-5.65231	-4.07236	4.03697	
71.6568	-4.22806	6.4455	13.7206	2.47925	-9.83719	4.13956	-8.77547	-1.44604	-10.2544	2.03955	-3.40485	-5.52476	1.88006	
71.6098	-2.85996	5.39759	13.2276	2.19897	-11.3255	2.93483	-7.78027	-2.28405	-12.8483	4.344	-3.7108	-5.90541	2.39413	
71.6341	-3.16826	4.44222	10.9785	0.743153	-10.6901	0.497204	-7.81996	-2.76171	-12.1927	3.80393	-4.3448	-8.01277	1.31465	
70.744	-2.9969	1.84018	9.59644	0.298304	-11.0725	-2.99043	-8.46436	-2.04407	-15.2671	1.81219	-2.75024	-7.22069	-0.828764	
69.9913	-1.77952	0.578462	12.368	2.29311	-9.47575	0.0984776	-7.05674	2.52357	-15.7027	3.71953	-0.876718	-5.21905	1.23522	
69.2024	-0.659739	0.537301	12.168	5.19046	-7.91097	-1.21844	-3.76284	5.16047	-17.2022	2.97264	1.63928	-7.26295	2.45541	
67.2754	0.78933	1.34145	14.666	4.6674	-6.33409	0.902423	-1.68986	3.10511	-16.4713	0.271847	-2.51966	-11.1435	4.5943	
64.802	1.15055	1.20446	15.2068	7.76069	-3.94317	-1.02961	-5.02975	0.108512	-10.4909	-2.67714	-0.581107	-6.23525	1.03263	
61.605	0.254028	4.05946	17.0728	5.93594	-1.46911	2.44196	-3.61884	0.502547	-11.5475	-4.67812	-0.474845	-0.667321	3.28849	
59.7815	-2.37481	3.6107	17.2557	4.30018	-1.07186	3.09887	2.92777	-1.76846	-12.212	5.57056	2.04237	-2.75279	3.94314	
59.6185	-1.13402	2.01034	12.7232	5.20103	-6.47268	1.6526	0.958674	-2.52648	-10.3707	-6.09695	2.98736	-1.6083	0.549503	
58.9919	-1.5912	0.631131	12.9955	2.98604	0.215066	-0.617483	-2.80678	-1.57854	-18.6281	-7.7441	-0.323704	-6.81611	0.137992	
57.4288	-2.65882	-0.351177	17.4812	5.36348	-2.99812	2.2996	-9.55864	-9.00438	-22.0536	-3.12599	-4.82838	-6.09872	-2.67878	
57.4345	-3.59263	2.85858	15.4765	4.33283	-3.20539	0.685401	-9.14499	-12.6104	-18.4493	-1.9539	-8.40707	-2.21627	0.813527	
55.7396	-4.3356	7.13357	11.7161	5.35721	-4.33729	-0.546505	-11.5823	-8.73313	-15.1567	-5.12697	-8.24001	-3.90123	3.66013	
55.7974	-3.6765	4.91196	10.1024	4.22847	0.407848	3.23948	-5.95149	-2.33049	-15.3031	-3.9452	-0.719883	-0.901369	3.1067	
55.0418	-3.04488	4.43951	8.91437	7.9637	2.25264	5.97102	1.52443	0.660032	-9.08992	4.93574	2.00972	0.419449	-2.09931	
55.9316	-2.83071	4.6236	14.0753	5.23781	-2.13687	6.81809	3.28651	-1.30372	-15.1948	6.61932	2.10555	2.41755	-1.02157	
56.294	-2.30308	5.98193	12.7049	8.27099	-6.57756	8.48848	-5.84394	-0.135258	-9.08497	4.99822	-5.96666	0.33405	2.17845	
57.0103	-1.5533	5.17795	9.6075	3.42523	-8.4029	8.77856	-7.92992	8.50873	-5.16072	0.96196	-4.7382	-5.42401	6.42771	
56.8184	-2.28563	0.991526	9.94708	3.69685	-4.48207	4.88984	-7.2961	5.48062	-5.20449	4.44213	3.67328	-6.02161	6.56479	
54.8995	-0.945368	2.812	11.6434	3.77437	1.67804	6.77317	-10.8947	5.21346	-10.5951	1.17665	4.47227	-1.36739	1.77313	
65.3929	2.26413	1.35159	4.80538	5.83328	-1.66487	-0.625905	-9.52283	12.3873	-8.83856	-2.35525	-1.17075	-1.70133	2.43307	
69.4219	2.25694	1.02504	3.43438	4.71777	-4.04688	-4.70133	-15.0086	10.8281	-12.6076	-4.97083	-0.783275	-4.11962	0.133648	
70.7657	1.54103	0.619968	1.83327	2.29565	-6.67484	-4.70282	-16.7101	11.7222	-12.4087	-3.70535	0.602299	0.188949	4.32321	
71.2265	1.20333	-0.0399073	-1.13872	2.84832	-6.88066	-6.14105	-17.0461	12.5404	-8.25606	-2.80729	1.67715	-1.12134	2.84125	
71.4255	0.826067	-0.342336	-4.25739	0.896737	-6.6918	-8.35246	-15.5624	10.2772	-4.9764	-1.69023	-0.304779	-2.25421	3.35702	
71.4907	2.0194	0.140858	-5.65423	1.13345	-6.20047	-5.07079	-14.0883	8.37484	0.594091	-0.136672	1.22643	-2.789	2.34092	
71.5	2.434	-0.806889	-7.79925	-0.466736	-8.63397	-5.17838	-16.1233	5.99868	2.99338	-0.608581	-0.123042	-5.04623	1.13841	
71.4975	2.59175	-0.768156	-7.27386	0.448996	-6.74927	-4.5078	-16.0059	5.64143	2.6223	-1.30331	-0.323211	-5.97643	0.140963	
71.4818	2.76486	-1.00401	-7.47118	0.71069	-5.71992	-1.52633	-16.7993	5.65468	5.64167	-1.01378	1.35822	-6.10307	-0.950188	
71.1939	1.57918	-2.0468	-8.74668	-1.94611	-4.71524	0.481657	-17.532	7.4192	4.39998	0.619462	2.34066	-7.08043	-0.590423	
71.543	1.11675	-2.33155	-8.64103	-2.75976	-5.71591	-0.767285	-18.3689	3.7799	5.03412	1.93287	2.00119	-8.02927	2.02517	
70.9609	0.928102	-2.40903	-10.0271	-2.83612	-4.5366	0.365206	-17.4043	6.62995	6.87276	0.114648	3.97646	-6.38587	1.3039	
70.5368	3.02892	-1.14204	-8.87055	-2.31332	-5.73566	-0.305747	-19.6117	3.84913	7.04008	2.24004	3.90195	-6.28628	3.97997	
69.5796	3.22539	-1.93813	-8.98331	-1.49362	-3.87983	-0.640335	-20.4733	7.23226	6.40675	1.68699	2.40272	-12.2024	2.91397	
67.9137	5.35758	-3.53893	-7.79909	-2.48941	-4.34201	-1.04978	-21.3666	5.1807	7.80469	-0.174764	3.60675	-8.96757	2.06519	
66.3476	6.13849	-5.38704	-5.19247	-3.93085	-1.8203	0.646554	-17.6568	7.4175	9.04875	1.55881	2.24718	-5.1146	1.18697	
63.7387	8.53206	-3.96812	-10.2471	-3.42952	-2.94078	-4.08291	-20.281	1.0789	11.0607	2.27055	0.988933	-3.77262	5.6014	
63.4715	8.17356	-4.15557	-9.0471	-2.85247	-3.71931	-6.15461	-16.1463	4.0849	3.24248	-1.80493	0.681629	-11.2075	-0.276447	
61.1024	5.48855	-3.23374	-6.71796	-2.40001	-3.55968	-4.58395	-16.0953	4.70196	6.21256	4.32013	-1.72896	-8.65627	3.87428	
60.368	6.66189	-0.961344	-2.69303	-4.25578	-4.51278	-1.8098	-15.8251	8.53669	7.41798	-3.37928	1.64557	-4.02235	2.95268	
59.3102	5.28585	-2.27597	-4.95613	-3.36482	-5.11441	-4.94681	-10.1264	5.06752	11.2684	4.62319	2.06478	-3.57067	2.39539	
61.4785	5.03012	-4.81943	-3.1281	-1.89459	-8.53852	-5.99461	-8.40117	1.52422	3.98646	-6.47952	6.73463	-1.34916	1.51187	
62.4096	8.12504	-5.02605	-1.37831	1.64676	-7.07469	-2.97791	-8.3268	5.29968	10.4213	0.934359	0.977373	0.474001	-1.24874	
58.0879	7.37674	-2.84024	1.04171	-1.65376	-7.47977	-5.96191	-12.3473	3.22552	7.27857	-0.86858	2.04989	-0.129412	0.317684	
58.3484	6.88272	-2.01981	6.92046	0.374197	-11.4804	-10.7812	-13.2103	-1.96026	1.29421	-2.18714	3.98504	2.16945	-1.25246	
59.8511	8.43074	-7.15396	7.79855	5.00274	-8.5589	-8.10881	-3.8749	-1.86349	3.53191	-2.19266	-2.0103	2.47614	-0.272433	
60.0566	8.70759	-5.35363	7.59518	7.18441	-14.6494	-9.46309	-6.30556	-5.93309	2.4195	-4.10102	-1.3703	2.5804	-1.06232	
59.9897	8.87441	-6.4121	9.39969	6.72444	-10.5032	-9.09691	-7.48552	-2.16765	-0.46722	-4.43768	0.381287	1.16584	-0.88607	
58.8613	8.90005	-5.81852	10.4767	4.69879	-12.6003	-10.182	-2.13047	-1.57661	1.14262	-2.32126	-0.879643	2.78999	-3.43206	
60.2696	8.37179	-6.19951	10.8193	4.8624	-7.81604	-11.5247	0.972818	-0.336054	0.000978608	0.76708	-3.26379	1.02868	-6.87412	
58.864	8.60293	-6.00687	8.81295	9.76538	-13.1318	-3.69466	7.24423	-2.26357	-0.647981	0.786715	-5.15788	2.06156	-4.9641	
59.5017	6.70467	-5.31458	11.9595	7.37948	-8.15407	-8.44253	8.22381	-2.06447	-0.560568	1.64038	-0.648581	-0.990093	-6.2409	
58.9925	7.12193	-3.96899	14.301	9.05055	-10.8114	-7.43943	5.95392	-6.99462	-2.96759	-3.05851	-7.14819	1.66994	-7.21467	
56.6873	7.56032	-3.93021	16.5064	10.1313	-9.23932	-4.73669	8.12958	-7.72904	-3.95259	-5.10184	-6.10381	3.46295	-4.63333	
56.2356	7.83275	-3.16125	11.3292	13.5446	-8.70333	-6.24099	3.45428	-9.86126	-7.05971	0.478366	-7.73872	1.91729	-2.16852	
55.8174	5.98382	-5.44158	11.2737	5.12278	-10.2714	-2.15763	1.0718	-6.53375	0.644965	4.56418	-4.56327	-0.196883	-1.68536	
53.5764	5.17692	-0.988218	11.5976	9.77963	-8.74304	-4.98527	1.99122	-7.23669	-4.11193	6.15483	-4.20246	-1.56677	-3.15175	
52.5948	5.20484	-1.2949	12.1235	6.39589	-9.6588	-9.96742	5.72323	-4.21396	-5.74327	0.554663	-1.3253	0.699833	-1.73878	
53.1168	5.57785	-0.53505	13.7726	5.96528	-12.7149	-8.86771	1.73359	-5.42601	-3.94382	-5.1277	1.23024	3.38089	1.13941	
53.1658	4.65033	-2.01333	13.9869	5.11363	-12.2599	-10.2342	4.55362	-4.64446	-4.57515	5.16598	2.39764	1.16675	0.615085	
52.6125	3.55701	-3.54847	11.9538	1.1932	-9.86573	-9.6092	-2.19833	-7.87189	3.45155	4.68176	-0.726953	9.33708	-0.577163	
52.4231	2.20908	-1.04926	9.12056	3.80603	-4.18787	0.224761	4.59709	-1.31987	-1.50692	0.342092	-2.30925	-0.49855	-4.01194	
52.0557	3.06136	-1.99078	9.98939	3.683	-5.74989	0.240323	3.17515	-9.41053	0.418389	-1.36828	-10.4567	2.38864	-1.20692	
51.3118	3.75877	-2.23881	6.89943	2.9951	-6.17736	-3.16808	5.17299	-1.34351	-5.06157	0.508282	-1.02234	-8.75955	-1.26189	
50.5597	2.71002	1.62153	5.93223	3.6509	-3.91454	-3.46497	0.993136	-3.09796	1.81349	7.53651	-4.22802	-7.3123	-4.93749	
50.5441	2.42524	0.527848	9.56349	4.31866	-10.7079	-5.49655	1.41163	1.14497	-0.434125	1.42952	0.784757	3.37229	0.60081	
49.838	1.95401	-1.88389	7.86312	1.76806	-12.2314	-1.88061	1.31209	5.88895	5.18231	0.808474	3.88116	6.23652	-0.934227	
48.7796	3.48839	-0.323482	9.95422	-0.332349	-11.0698	-4.39459	-4.71462	-1.38936	-6.73019	-3.92897	-1.31805	1.83577	-1.91833	
48.1562	1.99267	0.241736	8.1004	4.85047	-3.39546	-6.69042	-0.926681	-2.52676	-1.73334	2.73802	-2.26017	-8.80431	-0.527761	
48.2168	2.05536	-0.0201844	4.8029	1.60507	-7.97159	-10.0801	-4.94856	-3.9166	4.51332	-0.302608	-4.42284	0.302396	0.261378	
48.6368	2.41251	1.81873	4.62383	-2.30462	-9.46212	-5.18079	-1.002	1.11303	4.78894	2.63494	-3.25096	1.27184	2.53912	
47.5789	3.34297	4.69269	5.96053	-1.25888	-4.25052	-4.63389	-5.15773	-5.39913	-1.45454	0.838583	-4.32067	3.93642	-4.26103	
47.3383	4.61834	3.03769	7.71953	-1.74535	-2.92023	-7.61173	-4.61959	-2.09327	-3.27993	-1.24642	-8.52389	-3.15311	0.44858	
46.3025	3.63271	5.86495	11.2104	2.54424	-7.86564	0.739702	-1.26234	-6.23356	-0.870181	0.565478	-4.89009	-2.71792	0.708249	
46.6861	2.58107	2.72532	8.56437	2.54958	-7.78597	-2.8917	0.980164	-8.0091	3.59037	0.823196	0.870097	1.92712	0.409226	
46.5694	1.52418	3.64045	8.03548	2.46543	-0.104173	-1.42439	-2.05557	-6.54355	5.53427	6.64313	-1.04317	-3.61578	-0.106399	
45.8822	1.30223	1.76311	10.2826	6.63895	-4.89515	-5.35531	-3.63271	-0.120887	3.80005	-3.49647	-0.53831	-4.68417	1.39207	
45.7061	1.53132	3.99676	8.53157	3.18538	0.698395	-1.80787	-0.759602	-1.05839	-0.235817	-1.85192	2.34038	-0.505052	-5.77505	
46.254	1.03549	1.63744	7.92159	2.71822	-4.72416	-4.45713	-3.3234	-0.949022	-3.50737	1.6313	-0.645218	-1.2375	0.708865	
44.681	0.86709	2.15511	4.31453	-5.22133	-2.97822	0.994505	-3.38116	-0.277477	1.89935	-0.0898416	-4.09518	-0.914109	-3.10462	
44.2338	-0.694633	0.545518	4.77541	-2.18293	2.7141	0.583878	3.0051	7.94951	7.9169	4.90833	-0.123652	3.2412	3.74661	
44.4463	-0.580455	-0.0762529	5.42673	-1.41594	-6.68581	-3.17101	-1.97058	0.328304	-0.49571	1.81224	-0.345879	2.70388	2.3879	
44.6375	-1.04119	2.54583	8.7926	6.46211	-4.42796	-3.2498	-0.0654966	-1.6504	-6.28791	-1.54955	-1.58378	2.5392	3.40314	
44.3838	0.341124	3.62648	4.42788	5.45316	-4.70258	-2.70689	-3.16896	1.05677	-1.90908	0.0653286	-0.930183	-3.42337	2.38906	
43.8473	-0.982135	0.927952	-0.528459	1.88327	-1.83783	-1.8745	-4.04084	-1.05418	1.42816	4.82709	4.85026	6.44058	2.02445	
43.4043	-1.83904	3.07447	5.72736	2.84906	-2.79433	0.363516	-6.72186	-3.02156	4.97807	2.48502	-3.39842	3.39962	-5.05873	
43.805	-0.963999	2.46518	2.32635	0.260278	-8.93038	-2.13394	-0.145046	-2.81469	6.73261	6.31404	-1.54935	-0.323707	-6.24541	
44.1617	-1.82047	1.42153	5.61101	-0.139707	-0.293017	0.827063	0.966939	-2.20821	-5.26645	3.93758	2.11465	0.127735	-5.42174	
44.7365	-0.166353	-0.147893	3.66526	1.21195	0.143741	2.21141	-4.71378	-4.96234	-5.89658	-1.37877	-1.60843	4.3026	2.7815	
44.0166	0.454452	1.92909	7.03212	6.39103	-0.741598	-2.9184	-10.5443	-5.24793	-1.335	5.1426	3.45522	3.28995	2.52325	
44.1308	-1.71584	5.91802	8.4058	1.16337	-1.12465	-5.4492	-8.48309	-2.34866	3.75447	4.13065	-2.95351	-6.04907	-3.98113	
44.3457	-0.396083	4.0447	5.10546	0.0555492	-5.18528	-5.20495	-3.92669	7.02027	-2.91724	-0.358604	-2.22274	2.04529	4.86624	
44.4731	-1.67154	4.69276	5.41936	3.99586	-6.45731	-4.41958	-1.6431	-5.91853	0.0854866	3.47296	-1.77187	-1.44658	1.19079	
43.6716	-1.99525	1.74964	4.78722	4.35779	-2.9448	-1.49959	-2.91777	1.50949	2.61101	2.47445	1.64774	-0.950718	1.5823	
44.3831	-0.364355	0.642581	1.37316	0.984175	-4.77302	2.44068	-2.88484	-1.002	6.62757	0.371615	-2.44577	-1.30169	-1.12768	
42.7307	-2.32783	0.751083	1.19123	0.224207	0.287344	-0.68635	0.280209	3.61213	0.650555	-0.839458	3.20562	0.0174673	-1.1568	
42.5565	-2.88478	-0.481988	3.01246	-0.443706	-8.3086	0.599746	1.55435	-1.46968	3.08663	1.23884	4.58094	2.33352	5.67483	
42.8184	-2.82728	3.30999	4.63046	6.94514	1.83228	-2.10297	-2.46227	-1.27674	1.50975	-4.29567	0.310545	-0.456174	3.72857	
42.6497	-1.42155	0.684354	5.12747	-3.10538	-7.99845	-2.59953	-5.73846	-9.91553	-2.17342	-1.21354	4.15072	2.08462	5.56518	
42.4475	-3.98443	-0.200973	2.11191	-3.66568	-9.76315	-3.70214	-5.69392	-8.64677	-1.12647	-1.84655	-2.64575	1.44809	1.65892	
41.7162	-3.44587	2.56647	4.64866	2.6127	1.07535	-2.17876	-1.06072	-4.30424	-7.37306	2.95962	-4.10905	-0.388668	-0.590473	
42.1	-2.94541	1.86305	4.73333	5.09083	-1.16856	-9.12633	-4.38888	-7.1314	-1.1494	4.66002	1.12421	-1.28102	1.27174	
42.1631	-3.8102	-0.987881	2.20003	-0.503682	1.70321	1.84243	2.27835	0.131133	-6.57343	-0.924992	-1.7692	-0.734724	-3.60311	
43.3371	-0.842232	2.13054	2.77576	0.652547	-3.31239	-1.26742	-7.23631	-5.21072	-5.43608	3.81296	1.01382	0.252438	-2.45047	
43.3208	-0.18734	2.56536	6.86759	1.26251	-1.97334	4.25363	-4.08893	1.1551	-1.30845	0.870406	-0.836983	0.496015	2.45531	
42.2363	-3.18024	2.04647	5.26755	-0.781753	-0.561576	0.220058	-2.22581	-6.57312	-2.75987	2.88734	1.05991	3.42103	6.81962	
43.1758	-1.96653	2.36616	6.05646	4.33781	3.88425	-0.274378	5.37268	-3.47394	-1.62302	2.67523	3.72667	2.53463	0.37822	
43.7183	-2.01547	2.56885	6.53575	0.951471	-2.87526	-5.638	2.53709	-2.05142	-5.6535	-0.457591	1.0034	4.60951	3.17248	
43.7711	-2.18976	4.21171	3.85226	1.015	-1.51049	-2.4033	-0.711998	1.80657	-0.831356	-0.462155	0.705286	-1.33764	2.9575	
42.9491	-1.35954	1.40187	4.45737	-1.0152	-2.74428	-0.563905	-2.40744	3.39812	4.32029	1.49238	-3.66605	-2.09041	1.54341	
42.8151	-3.22777	2.80605	3.56542	2.05927	-4.2729	-1.96975	-0.832634	-7.07484	-2.21791	-5.80512	-10.8385	-6.29247	1.61849	
42.987	-2.17235	0.258205	3.44549	4.70549	-3.06136	-0.355844	-4.24433	-5.29173	4.29677	5.97977	-7.87699	0.952805	3.22475	
43.3415	-2.54405	3.22788	9.04597	8.4607	-0.967691	-1.03814	-1.97313	3.43976	-4.14162	-3.09328	-1.07539	-6.10509	-3.08987	
44.0959	-0.990052	2.65571	5.28234	3.47989	2.9286	-0.974221	-1.85258	-4.30855	-2.05324	-2.93922	1.86643	2.06111	3.75876	
43.0615	-1.13543	2.23036	5.0401	3.07082	1.63099	1.49786	2.9251	2.31747	-6.24922	-4.64157	-5.66064	0.876117	3.42925	
43.0631	-1.73836	4.09223	4.91654	2.63826	-2.84202	-3.33352	-5.08675	0.747337	-1.24656	-8.22378	-2.31957	-6.50704	2.46412	
43.7005	-0.785726	2.2163	7.7839	4.41254	-1.69574	-4.27861	-5.73018	0.00237609	-0.785488	-3.69441	-1.49851	-2.79123	0.305969	
44.6964	-2.10898	3.97484	7.55937	-0.376073	0.882562	2.07688	3.17625	-2.05516	-0.00202012	-6.78254	-8.18231	-0.746466	-1.68706	
43.5778	-1.48586	3.74097	5.61165	1.98028	2.82753	-0.100723	-1.73475	-2.92312	-2.61246	0.22698	-7.808	-2.06348	-2.63051	
42.794	-1.61661	3.20603	3.29448	4.47352	0.816734	-4.15443	0.840635	-1.30354	-5.12709	-3.8405	-3.26507	-1.27258	-0.586248	
42.9478	-0.896285	1.90659	4.60451	2.04116	1.34793	-1.09919	-3.89103	-3.06611	-1.78481	-2.03993	-0.772262	-5.44309	0.0821313	
43.5539	-2.28361	1.95914	3.98985	-0.399707	-2.09022	-4.04948	-7.01481	-0.17071	-3.44529	2.28642	-5.48543	0.827154	1.4283	
42.8383	-2.65845	0.980366	5.86147	-0.00868515	-4.5616	0.481817	-1.87211	3.62262	3.30259	4.77771	-2.71525	1.45716	2.86158	
43.3902	-3.76761	-0.971908	4.18667	-0.385639	1.08398	3.55832	2.90093	1.85649	1.67949	1.59817	1.5841	0.23425	-1.89843	
41.7511	-3.66317	2.00089	3.40493	2.87827	-2.53934	-0.244013	0.663667	-3.30815	-4.29813	-8.24061	3.42726	1.49547	-6.42279	
42.7739	-3.0098	2.34742	5.76897	0.819614	-2.75982	-4.37403	-1.73467	-4.34488	-3.9529	3.26564	-4.06588	4.80447	-0.753917	
43.1021	-3.1085	-1.15018	2.12819	-4.11488	-2.85438	-3.70189	-0.381304	-3.27898	0.557115	4.58914	11.2502	6.92374	5.51582	
42.1738	-3.35977	0.628062	0.640963	-1.709	-6.74852	-1.31531	1.3328	2.67213	0.709146	1.48965	0.915835	5.26919	9.25912	
41.7379	-4.06159	1.90579	9.1614	3.84245	-5.00204	0.690415	1.04078	-5.75681	-9.89639	-7.46062	-5.19455	3.57899	5.01028	
41.9743	-3.62569	3.36503	7.93257	1.69514	-5.7191	0.543011	-0.0963904	-1.66725	-9.78765	-5.29836	-3.51031	3.66907	6.09615	
41.7652	-2.5628	3.72224	4.10344	0.998854	-0.813128	-0.997095	-4.39673	-1.79993	-0.743724	-0.714418	3.744	-0.549899	1.24547	
41.391	-0.688463	2.78239	7.06811	4.12022	-0.865403	-2.65935	-4.89428	-3.03104	-5.10019	-1.97666	-2.564	-0.0988854	3.02481	
41.9757	-1.07602	0.189931	4.31166	3.51652	-4.6105	2.14771	-6.98974	-3.87622	-3.49825	-5.1688	0.894696	0.729148	-2.224	
42.6523	-0.325222	2.29434	4.79939	1.00945	-6.02575	-4.04094	-2.49452	-6.77683	3.55813	-0.970522	-0.485692	4.18108	-0.733821	
42.9882	-2.9606	-0.800453	4.92924	0.893246	-5.30403	-2.45408	-3.43141	-6.063	-0.0177772	2.9405	-0.546692	1.74744	5.17887	
42.4234	-2.41688	1.08526	3.28799	3.7606	0.985196	0.450747	1.08359	-2.71447	-1.06826	-0.956092	0.808115	0.228228	-0.732705	
41.6685	-3.1049	1.15641	5.12288	5.33803	2.92546	-0.590021	1.89554	1.7242	-1.98898	3.89531	2.55029	5.50322	-4.45859	
42.653	-2.18414	2.43897	4.23072	0.10665	-2.49255	-1.83347	1.23084	-1.62684	2.37891	-4.13218	-3.56797	0.331563	1.65665	
43.0632	-2.10972	1.68144	5.65158	2.07261	3.15945	-1.80132	-3.88649	-9.51386	-1.50734	2.35495	3.4227	4.11199	5.8925	
42.5768	-2.44493	1.66408	4.29984	5.01349	-4.39807	-0.215868	-2.12145	2.59739	5.98072	3.56106	-1.7524	2.98861	1.72834	
42.8746	-2.18564	1.86573	3.40185	2.88261	-7.48086	-2.29635	0.637114	-4.1937	-5.56435	-2.34589	0.557863	0.0638961	2.09823	
43.0169	-1.14257	2.48646	1.96831	2.64684	0.330743	0.426274	2.94524	-3.21524	-1.14671	-0.018013	3.03531	3.26521	0.513804	
42.5845	-2.81446	1.78936	3.29793	2.48846	0.703549	-3.01271	1.15539	1.74552	0.214063	-2.53642	0.111073	5.3449	2.33222	
42.0501	-1.70728	2.33956	4.1566	3.9794	0.0223726	-1.03596	-2.89245	-1.27097	2.32377	-4.5024	2.24112	6.27774	2.76772	
42.1827	-3.07558	-0.823443	5.44887	6.44718	1.90587	-1.72005	-2.07039	3.11076	7.43869	-0.580488	1.32411	1.67388	-5.62965	
42.1908	-3.95129	1.82802	5.56331	5.56368	-3.26114	-1.36318	2.72819	2.93054	2.45873	4.09098	-2.00982	-0.0927531	-0.717034	
42.8866	-1.06064	1.72592	2.60579	3.08366	-3.10708	-1.58216	0.465317	-2.81816	-1.52899	1.30172	5.64894	3.28824	4.44894	
42.3447	-0.806161	5.00494	2.0546	3.29037	-2.99514	5.08405	5.07315	-0.399607	3.78929	-2.96639	-6.23035	5.3579	1.0918	
42.5975	-2.38501	1.46084	2.71422	-0.51531	-3.20396	-1.04362	-4.35884	-0.864034	-0.492989	-8.39015	0.69919	-0.197297	-0.291046	
41.5589	-2.99851	1.82689	3.97678	1.02585	-6.67505	-6.67856	-2.96809	5.31317	-0.655936	3.1644	5.8498	-1.2474	-1.529	
42.71	-2.04871	2.2571	6.77602	4.72079	-5.49879	-0.803256	-0.607107	-2.5616	1.46969	1.24714	8.22895	6.88611	1.04083	
43.2323	-1.709	1.30687	6.29098	7.09313	0.450954	1.25101	7.14134	3.98686	2.36691	0.207843	3.58926	2.49878	2.53638	
42.6574	-2.44681	0.606877	7.14185	3.38493	-2.21506	-0.397415	0.980927	-1.77544	-0.60611	-4.4074	-4.98232	-0.416402	3.62916	
43.0013	-2.71397	1.20551	0.0548168	2.03775	-2.22673	-1.02674	-4.79533	-2.66186	-6.20193	-3.28054	2.898	3.36984	2.04196	
42.6327	-2.60928	4.09274	1.5593	0.780264	-2.36517	2.29025	-1.93447	-1.0937	3.2062	-3.88992	3.30761	0.681169	-0.357978	
43.0118	-2.17754	1.79454	4.91707	2.10905	-5.03931	0.237033	0.498451	5.18149	4.57738	-3.17925	-1.45832	-0.432189	-1.72895	
42.381	-2.6412	3.29166	5.61529	3.31724	-3.05661	-8.52978	-3.84152	1.77524	1.52695	4.19392	-0.822098	3.73642	1.75394	
43.274	-1.76772	4.57477	7.61175	2.85979	-2.26472	-5.95312	-2.60468	-1.56944	-0.169314	-1.18042	-3.89495	-0.806102	0.726016	
42.6932	-2.23933	1.35371	4.9971	1.26919	0.239389	-3.59385	-3.83152	-2.03796	-1.95788	-2.14378	-0.668139	4.24731	3.29519	
42.6762	-2.67224	-1.92236	3.20813	-1.81733	-5.86009	-3.07465	-5.78808	4.81645	-0.198936	0.339662	-3.73983	-4.4588	4.83968	
42.9528	-1.23416	3.40776	4.30527	2.84057	-2.5186	0.0141906	-2.06786	-1.90584	-1.10079	-3.34251	-3.25096	-2.6708	-1.05497	
42.1458	-2.67515	2.70226	5.72876	0.305617	4.31875	2.24706	-9.31252	-14.1539	1.12578	-2.4207	0.833595	7.06033	1.68079	
43.1029	-1.59908	1.69499	4.65099	0.141084	-1.4985	-3.19471	1.50758	-5.04828	-2.77564	0.710555	1.63556	-1.98727	-1.56005	
43.5633	-1.63401	1.99412	2.5625	1.9312	-0.388375	1.16717	2.7239	-3.89354	-0.648568	-3.38374	2.31059	-2.92269	-0.967044	
41.9651	-3.47898	1.21425	4.62802	-0.287287	-0.781346	5.3883	4.20338	4.18916	2.22918	2.05715	-0.310128	-1.58575	-5.24118	
42.3344	-0.791367	0.251008	5.45577	2.08259	-8.98311	-1.04519	3.03394	4.50441	-2.9967	-4.50213	-4.4397	7.45607	0.155354	
42.1832	-2.09477	2.13126	5.78933	0.696261	-3.86003	0.602654	1.55033	-0.228027	1.58499	-2.82531	-1.87092	-0.614736	0.699332	
43.0206	-2.26298	3.33724	7.99275	3.40494	-2.16641	3.58428	-2.17379	-9.53119	-7.91933	-10.4436	-5.1232	5.83995	4.43068	
42.6714	-0.839435	1.85314	6.31416	-1.36088	-6.43055	-5.05144	-4.29712	-4.18614	-3.53162	-4.34396	-3.7588	2.96762	3.8028	
42.1877	-2.1192	3.1291	5.02174	0.583888	-2.1363	1.09463	-0.832641	-0.839851	0.102821	-10.2898	0.382114	5.87669	5.77739	
42.6457	-1.60838	-0.236042	6.12126	-1.69438	-2.14283	3.19208	-0.591468	-0.797083	0.559723	-1.18325	3.78369	2.78844	0.79463	
42.9103	-0.81409	0.685942	3.44621	-2.13628	-2.67834	-1.40245	-0.659222	1.84129	2.40649	-3.38726	-2.65055	1.43861	0.765287	
43.0714	-3.2837	-0.277613	2.37468	-2.16814	-1.50154	-3.20033	8.65646	5.65722	0.750086	-4.05734	-2.65782	3.97853	-0.278587	
43.4875	-3.50312	-0.276332	2.74393	-2.94504	-3.50797	-4.40357	-4.40504	-0.0947358	0.166435	-4.49705	-2.00222	-0.920526	1.82585	
42.9424	-1.92966	-2.46735	5.68492	0.76283	-1.02493	-0.456122	-1.53216	-1.51944	-4.8489	-5.10899	-3.67513	-2.98626	-3.00425	
42.7271	-1.75418	0.883721	6.94586	2.77469	-3.4018	0.187323	2.32103	4.56881	1.79529	-1.01107	-0.216365	0.1179	1.84897	
43.8779	-1.19273	1.31074	4.47056	1.15101	-1.17494	-2.3426	-0.792623	6.71301	-7.23715	-6.32447	1.22	2.08683	-1.82745	
43.6524	-1.58833	-1.94393	5.17965	1.64158	-6.22825	-0.268542	7.12995	-4.53885	2.17787	2.45375	4.30694	5.54599	2.80486	
43.9594	-1.84883	-1.53129	3.05204	1.72685	-4.80226	-0.329262	-1.43115	-6.1479	2.65642	0.0904528	5.56155	2.90279	-0.266602	
44.3416	-1.69596	-0.643453	3.53651	6.86418	-0.787131	-2.82613	-0.543009	0.631702	1.13132	-2.30332	-4.06711	1.40299	-3.19107	
43.3557	-2.15106	1.96863	5.03484	4.62317	-2.9423	-3.19018	4.67036	-2.29273	-1.55735	-3.16347	1.19951	7.60654	5.11796	
43.208	-0.73077	3.48554	6.50504	3.28875	-1.56693	-7.05162	0.502792	-3.1504	-3.52783	-3.5843	-2.25512	4.45863	10.5618	
43.0894	-0.45166	2.36272	4.03382	3.4895	-1.09189	-5.12808	-2.95176	0.520446	-0.567496	-7.7295	-3.20746	4.71675	1.31771	
43.5497	-0.532904	2.19858	4.53346	3.81999	-3.4487	-6.24083	-0.0521289	2.83361	-0.686208	-4.70935	2.8844	-1.64372	2.41462	
42.6719	-2.02362	4.30369	9.59879	-1.58208	-2.90967	-2.11395	0.477239	-4.45192	-8.40625	-1.64474	3.66941	0.292455	-2.75913	
43.0147	-2.37317	1.42599	0.891066	0.241255	-1.95405	1.05537	2.8265	-3.28967	-1.10992	-1.34943	-1.0667	2.08238	2.52828	
41.7871	-2.61195	1.22942	2.97374	0.976731	-2.71416	-2.63596	-1.18941	-3.98355	-1.88826	-1.84023	-3.50762	2.03997	0.619748	
43.2808	-1.10006	0.107239	2.56418	3.36883	-1.33806	-3.20523	-3.12369	0.892639	1.3762	-3.41712	0.576652	-0.344688	-1.80126	
43.6787	-1.92122	2.05841	0.158418	3.82784	0.273067	-4.06363	-1.69513	-1.91765	0.316712	-3.87903	7.46156	-0.495847	1.11444	
42.2895	-2.53566	2.05275	4.9494	-0.365174	-0.98082	-2.07683	-0.545716	4.76964	1.50893	0.368824	-0.219945	-0.558446	1.21573	
