5.83564	-1.23274	6.69986	2.26375	-4.06868	2.88482	-1.28194	-2.64978	-6.57143	-4.75754	7.37082	-1.53676	-2.59422	-3.08407	
18.3296	-3.41819	7.45923	3.49986	-2.87592	-1.27009	5.04756	-3.88919	-8.62359	-2.35177	2.59189	-0.992444	1.80972	0.706278	
24.2964	-2.71837	2.70236	5.28933	3.13127	-2.29265	2.06813	0.461363	-2.884	-4.21761	-5.20136	0.191032	5.51467	2.5339	
27.6459	-0.41704	3.37341	2.7466	1.31186	-3.82876	1.59364	-4.09457	-5.97327	3.02087	-2.97912	-3.35196	4.2249	0.76078	
29.2802	-0.697391	2.38651	4.75888	1.00847	-1.80406	1.325	-8.67432	-0.543559	6.15219	3.95936	-4.30071	3.58589	5.68543	
29.9318	-1.67109	2.04859	4.68451	-0.179883	-2.90889	-4.88422	0.714907	-0.713309	-5.30226	-2.70104	0.98076	5.05393	5.35028	
31.8801	-0.365171	2.91468	4.44199	-0.599688	-4.92733	-0.00265766	-2.51925	-4.83351	-1.83115	-1.98149	2.21453	5.23142	9.01215	
33.4383	0.674199	2.53951	3.33708	-1.98117	0.266031	-0.888887	-0.486896	-4.36221	-3.54865	0.45455	-0.647761	5.33337	1.68917	
34.0744	0.262845	3.10467	3.69076	4.41238	-4.65766	-4.4992	-0.992564	2.5492	-0.396214	1.06063	1.40485	-2.82535	-0.307254	
34.2372	-2.16777	4.90292	7.44079	2.27103	-3.97061	-2.70291	-7.58663	-2.51161	-2.56674	5.47858	5.80812	7.17249	4.9718	
35.6851	-0.776093	3.85946	8.97861	-2.41224	-7.12324	0.348803	-1.963	-9.68962	-7.52598	2.18264	-1.67504	0.233603	0.159159	
35.7101	-1.37448	3.66701	7.45701	1.58746	3.56471	-4.04815	-3.31785	-5.30259	-3.22292	-1.21576	2.03118	2.97786	1.56876	
35.5884	-1.14629	2.10085	6.98836	-0.493606	-3.46383	-3.90785	-7.37945	-4.1198	-4.2962	-0.385053	2.3931	4.36703	-0.852655	
37.1275	-1.09685	1.34456	5.66506	4.16815	-0.182669	1.76745	-5.13244	-4.07563	0.85308	-5.22701	-4.50971	5.71526	4.07468	
37.2705	-2.60885	3.53853	8.34988	1.57365	0.585231	-0.248126	-3.54938	-7.96603	0.674754	-2.49838	3.03076	1.30619	2.94582	
37.7146	-0.212513	5.56125	2.61775	3.91564	-0.865103	-7.1157	-4.00524	-8.93558	-1.81848	-7.42328	2.60364	4.956	5.55444	
38.7551	-1.12802	1.47498	5.61507	2.68128	-2.09309	-0.701459	3.37635	-5.28512	-2.88345	-3.29887	1.69724	-3.48539	-2.56073	
38.9321	-1.86815	2.4295	6.22951	-2.60833	-3.58472	-3.41809	3.41607	3.32996	-1.36749	-0.814336	1.82735	4.97703	-0.755305	
40.5151	-1.15319	3.58377	8.41209	0.340726	-3.24528	-3.53997	-4.06716	1.67376	1.45235	1.05652	1.58152	4.85401	-0.685158	
39.1234	-3.29478	1.25404	4.47182	1.28764	-3.60071	-4.43988	-0.37802	0.254451	-0.974154	2.22996	3.41775	0.824407	7.09012	
39.8971	-0.733735	1.70286	1.47768	0.845391	-2.1124	-0.8385	-4.12574	0.724409	5.28493	10.9492	-1.49678	4.43668	2.87827	
41.0378	-0.881584	3.12305	6.2746	-2.37665	-6.6427	-3.70121	3.5915	5.98915	7.70441	1.31483	-0.734651	4.12911	0.0483871	
40.8884	-1.20098	3.11736	7.46269	-2.44005	-1.53759	-3.18633	2.74783	1.34349	-4.22085	-0.478456	-1.13357	7.31984	1.95454	
42.3864	-1.62057	3.66897	4.39027	-1.62548	-1.23178	0.745623	-1.92266	0.296763	3.78545	1.74841	-1.82354	1.2884	-1.34409	
42.3189	-1.18569	2.72011	4.47505	-1.99634	-1.48592	3.19751	-1.42058	-0.252443	7.32697	4.05977	-5.7349	-5.06479	-0.655235	
42.3648	0.656028	-0.538379	0.440858	-5.00646	-0.920313	3.33217	-1.98182	3.00558	8.38556	2.178	-7.92654	-1.93182	-5.04012	
42.7367	-1.34973	0.612744	4.67325	-1.6573	-3.82971	2.40586	0.0861386	3.52193	11.3918	6.1123	-2.68688	-1.75645	-4.12432	
42.5713	-1.45122	0.844179	4.81389	3.07586	-3.32432	2.02069	-3.65707	-1.16266	3.86221	3.76267	1.9995	0.570038	3.21747	
43.5799	-1.32849	0.461416	5.94745	-0.338331	-5.9299	-2.77274	-4.73328	-6.00412	-5.14763	2.74066	0.59987	-2.93124	-3.26533	
44.0521	0.563416	1.41008	5.09521	4.10841	-5.10273	0.415927	0.235856	0.323006	1.99384	0.319394	-2.07464	-1.3963	1.88003	
44.3805	0.337792	4.25311	6.24078	-1.21705	-4.1612	-1.26967	2.41339	-3.78503	2.06021	1.41442	-4.29879	-1.52308	5.92571	
43.5522	0.403619	3.28906	4.65187	-0.981598	-4.00763	-5.61498	-6.51158	-0.131955	3.54543	-0.178917	-6.38223	1.89922	5.60664	
42.6616	-1.42517	4.69545	5.07502	0.795424	-3.51124	-5.50279	0.610369	5.83955	-2.34033	-3.99651	-1.35516	-2.49516	0.919667	
43.2461	0.678661	4.07698	3.33241	-1.95388	-4.57676	-3.24876	-4.14287	-0.354822	1.07888	-3.10206	2.51913	2.68336	2.66757	
43.0766	-0.330058	2.16805	5.06334	1.72434	-3.99617	0.326694	-2.76931	-2.15643	3.29439	-1.37039	-5.14074	-0.174915	4.70608	
41.7823	-2.19627	0.213775	4.67262	-0.484268	-4.7335	-0.596638	-0.207588	3.98035	7.65617	11.0107	0.224482	-3.69953	0.686928	
42.429	-2.96564	-1.96168	4.06901	1.61702	-5.90642	-5.25159	-5.50107	3.54719	6.21989	1.60703	2.10377	2.27867	4.50424	
43.5679	0.872558	2.11361	3.39265	0.45908	-5.06821	0.731762	-0.638237	-2.44126	2.82583	4.50292	-1.57262	-3.28459	-0.0609584	
43.898	0.402073	2.30209	3.97924	0.412846	-3.99757	-0.21786	-0.304571	-2.14742	-1.30257	1.01156	-3.10341	-0.656146	0.211183	
44.0246	-1.92303	2.72839	4.03235	-0.45643	-4.09062	-0.133459	-5.68384	-2.21405	1.4277	-2.92748	-1.47006	-0.427885	1.33379	
42.3497	-2.49393	3.03717	7.30162	1.07115	-3.40792	-0.119096	1.84163	1.35761	-6.09962	-8.88842	-2.05537	2.88476	0.120977	
43.709	-1.90125	1.24639	8.77834	3.13679	-2.70332	2.514	-2.05071	-2.48266	0.37196	-3.43851	-0.081907	2.30668	6.75282	
44.3617	-0.350812	2.83652	6.68934	2.78252	2.10132	6.09371	-3.72153	-1.87647	-2.47803	-2.92341	2.08709	-3.49498	2.73759	
44.1378	-0.584281	3.73576	4.56129	1.62323	-3.52437	1.54889	-4.17892	-5.60766	1.69328	0.214846	1.05304	-2.03849	3.80109	
43.9249	-1.22615	2.71964	6.79614	-3.91996	-2.88097	5.71622	5.07634	-9.18143	-6.77891	2.81771	-0.990286	-7.5355	-2.31875	
44.0355	-0.778453	2.84695	4.99377	-1.91018	2.63224	1.38976	-2.29954	-3.43029	-2.90866	-1.94019	-1.04132	-4.79262	-2.62665	
44.7967	-0.92526	-0.8094	5.62327	-1.27906	-2.19844	-2.25777	-1.00369	0.896135	3.73863	-5.10272	-1.65586	1.16487	0.300039	
45.0664	-0.619876	1.39864	5.19703	-4.17984	-2.85655	-1.89065	-2.28195	-1.50937	0.985614	0.250317	-0.265981	5.8668	2.96339	
44.1687	-0.0776757	1.54671	3.5692	-0.0556572	-8.26325	-1.28453	-4.41238	-4.84245	2.45116	7.79801	-0.0247316	8.0837	1.36399	
55.7559	-11.1887	13.5241	17.5072	-9.51148	2.30241	4.65451	-7.14446	2.78178	2.15477	4.09828	-6.00959	0.182539	-2.70216	
57.1749	-10.4092	11.5834	17.377	-4.63153	9.4829	10.1491	-6.12661	6.12008	0.140398	2.95742	0.487854	6.06876	-6.89336	
54.8095	-10.1248	11.8166	16.1701	-7.03135	9.11898	3.65391	-3.00861	5.33318	-5.66183	-5.59733	0.178026	4.26243	-1.38346	
57.6027	-7.92258	13.9523	14.1172	-3.36743	1.8658	5.06603	-8.29881	-2.69733	-2.95276	-1.06914	2.94162	3.37047	-4.40863	
66.4482	-9.54997	16.1298	15.4467	-4.03276	2.04813	6.00313	-5.24475	-0.636595	2.54574	-3.15046	-2.20889	0.801466	-1.46576	
67.2311	-9.56006	15.5445	17.1453	-3.32437	6.79933	9.53933	-2.17631	2.94438	4.50114	-1.52043	-1.59114	1.05941	-2.95468	
68.3334	-11.2356	15.6458	16.8516	-3.22882	7.94126	10.279	0.284787	5.35125	4.52176	0.538769	-0.0308742	1.36206	-3.82253	
69.3984	-11.3073	15.6471	16.1951	-4.37995	8.23564	8.50274	-2.07084	6.17098	2.2287	0.594446	0.0247361	1.57889	-3.79099	
68.9726	-10.2907	14.7788	16.5875	-4.29791	5.23993	8.67383	-0.465509	5.6502	1.16837	-0.700698	-0.883821	1.69155	-3.64583	
68.6045	-10.0776	15.1854	16.566	-5.45957	6.27437	8.76165	-2.54387	4.98842	-1.88753	-1.84855	-2.10728	1.05735	-2.13567	
68.4995	-10.2736	15.018	15.0559	-6.1697	7.2543	8.35728	-4.36453	6.72637	-1.42522	-3.13909	-1.54033	0.216052	-3.62372	
67.582	-9.3756	13.6412	16.4505	-7.02448	6.15387	6.71573	-8.18995	2.30247	-3.1971	-2.66794	-4.53054	1.55214	-4.24843	
67.1838	-7.56123	11.5718	14.9295	-3.92857	4.19198	9.28065	-8.10944	4.86853	-2.80964	-0.75143	-2.83813	-1.00676	-5.14811	
67.7864	-7.34983	13.0822	17.1829	-5.19929	5.02781	10.4118	-4.01124	3.72804	-4.11562	-0.819868	-2.69418	2.96172	-5.34291	
67.8971	-6.92963	14.1366	16.8306	-5.20192	5.04172	8.92127	-4.78631	5.29119	-2.97935	-0.362138	-3.87732	1.63391	-2.89261	
68.286	-6.09477	13.756	16.5122	-6.50694	3.9558	8.95107	-6.07925	2.51365	-2.10879	-2.54709	-5.24027	1.863	-1.17092	
68.9837	-5.60116	11.6511	15.5279	-6.06098	2.45345	8.45678	-7.94052	2.99939	-3.61534	-2.47947	-4.26931	0.261269	-0.0726449	
70.0213	-5.90515	10.5103	15.1058	-6.30255	0.157066	6.06365	-6.59883	1.53073	-5.27601	-1.41383	-3.93812	-1.39726	0.692009	
70.1924	-5.4529	9.38948	16.3305	-6.0259	-1.86179	5.39117	-7.55484	0.787666	-5.93548	1.82757	-4.70138	0.625649	2.5576	
70.3439	-5.144	7.54969	16.1327	-5.94674	-4.78323	3.36674	-6.27141	-0.98567	-7.09311	2.19289	-4.10758	-0.112777	2.94902	
70.8009	-4.86581	5.78486	15.4421	-4.57026	-7.65104	2.05725	-5.30601	-2.48825	-9.60875	1.85379	-4.72265	-0.315307	5.66989	
71.7557	-4.03778	5.66396	14.6914	-3.03028	-7.80148	1.77523	-3.37482	-2.46064	-11.0099	2.05876	-3.67159	-0.167922	3.96103	
72.122	-4.1267	5.97366	14.6314	-3.17128	-6.94551	0.89126	-3.44822	-0.332048	-11.9297	4.08572	-0.539132	-2.15964	3.63752	
71.6886	-3.73534	4.15341	13.4664	-2.89083	-8.02575	-1.39	-1.92138	-0.05123	-13.8553	4.21944	0.245697	-3.08769	2.94679	
71.1518	-3.45441	2.06213	11.7436	-3.55846	-8.40295	-4.18717	-1.42973	3.06204	-14.7935	4.5002	1.25259	-2.38425	4.09131	
71.05	-3.03763	2.20657	12.7168	-1.12556	-6.16791	-3.46202	0.0636707	4.77117	-14.3842	2.63925	1.59173	-4.92846	2.33367	
70.0842	-2.11571	2.90467	13.8461	-1.45088	-4.03544	-1.46782	0.381786	5.4784	-16.3721	4.04375	0.984943	-4.91546	2.17796	
68.8217	-0.8312	2.82838	14.2398	-0.582011	-0.78292	-4.51983	-0.0638551	4.98781	-16.8727	0.337502	0.69642	-4.59273	3.92774	
66.5759	0.708751	3.54117	16.6243	-2.31135	-0.0569908	-3.01278	-3.38106	2.20258	-20.7616	-2.77283	2.27798	0.183588	2.65617	
64.3226	0.908117	1.82942	17.4981	-0.272158	0.427874	-6.24699	-4.06755	6.56111	-23.2079	-2.70142	-1.60853	-3.44343	0.93707	
60.7061	0.166656	1.16879	16.8865	2.23869	-1.44443	-3.25323	-2.44296	0.585325	-28.7202	-5.60571	-3.83921	-2.85321	3.17372	
59.476	-0.923776	3.88917	22.7984	1.5725	-6.35191	-3.31369	-0.352139	6.03278	-14.43	1.3248	-4.5565	-3.79674	3.09059	
59.2852	-0.662174	5.77521	21.6491	0.909724	-5.57463	-2.04703	0.225318	0.00504781	-17.7652	-1.39099	-0.683567	-2.43596	4.27127	
58.3702	-1.58041	6.76799	20.6216	5.38831	-8.8002	-4.50436	0.935634	-4.85246	-18.486	-0.53602	-1.31045	-2.91732	3.58318	
58.3814	-2.46758	4.8847	16.055	4.91367	-4.16839	-7.79077	-1.46438	-7.92595	-14.137	3.44686	0.0893034	-4.80264	0.771066	
57.7718	-3.7666	2.84058	13.1946	-1.2009	-7.63977	-5.12334	2.25112	-6.84078	-17.3242	-1.33639	-2.47099	-6.85456	-1.40725	
57.5247	-3.24582	4.93033	16.5043	3.50911	-3.7894	-1.40353	2.56613	-4.2342	-15.5637	-0.979477	1.67062	-7.49312	4.81066	
57.2432	-1.60493	8.4086	16.7396	3.16679	-1.5095	1.73465	-3.90236	-1.69202	-18.0684	2.55302	2.8529	-3.69424	7.53344	
57.5924	-1.00302	7.70448	15.1745	3.75462	-0.874446	0.463858	-0.136644	-1.36829	-15.8312	-1.89268	-1.46237	-3.4624	4.70402	
57.9428	-1.43521	10.1056	12.9297	0.412541	0.324894	1.01985	6.05212	-3.58475	-15.5891	-0.744513	-0.940353	-5.12535	0.27429	
58.7518	-1.84706	9.6289	10.9995	1.29363	6.62766	-0.236733	3.34959	-9.62902	-11.5448	1.35675	-0.934135	-4.46886	-0.421885	
58.0502	-1.35263	9.24217	9.8891	0.972788	1.10151	-3.9101	0.0185331	1.50095	-10.0456	-0.927505	3.80063	-7.57027	-1.21413	
57.5756	-0.802827	8.6423	11.4125	0.643106	1.01679	-9.75516	-0.340041	-0.292992	-11.7688	-1.19178	-0.394544	-0.170083	3.35947	
59.319	3.7446	3.05537	11.3488	3.72221	2.3401	-3.1164	-3.58176	7.27211	-7.31982	-3.07437	-3.52164	-3.49445	1.10313	
66.5898	1.89916	1.94251	8.16093	4.18332	4.23836	-7.59339	-9.58839	8.75408	-9.13014	-2.49246	-2.36462	-1.43901	2.22961	
69.3322	0.989298	1.97464	5.07429	3.14432	2.52638	-9.64694	-14.1965	8.95885	-11.6446	-4.26492	-2.67533	0.489663	5.56096	
70.5728	0.545251	1.98461	2.87119	1.05283	0.780838	-10.4806	-14.075	8.60318	-13.868	-5.12279	-2.05887	1.85663	7.16914	
71.5512	-0.571876	1.54061	1.57284	-1.53466	-2.19451	-10.3659	-12.3291	10.8801	-11.9774	-2.86284	-0.0667633	-1.52738	4.8033	
72.2376	-0.453691	1.30014	0.515175	-1.98749	-0.159688	-10.0704	-14.2485	11.2804	-7.68553	-1.96935	1.61531	-1.36981	5.30192	
72.8327	-0.381093	1.56373	-2.68647	-1.38025	0.303435	-9.64078	-12.6461	8.56589	-2.80647	0.281291	3.41077	-1.88115	5.60325	
73.0811	-0.349704	0.111863	-4.93951	-3.51204	-2.23143	-10.2618	-13.1154	2.83193	-1.89021	0.691356	-0.0188224	-3.3944	4.37628	
73.0917	0.148769	-0.466741	-5.50469	-4.13762	-2.20865	-6.05941	-10.2802	3.90386	2.95333	3.8694	1.38226	-3.77109	1.86999	
73.1435	0.364771	0.389095	-6.03547	-4.13485	-1.90282	-5.00645	-11.2955	2.10285	5.30873	1.21303	0.774835	-6.70215	-0.532092	
72.4975	0.959279	-0.435609	-6.55506	-4.49112	-3.70291	-5.60052	-14.4946	1.41284	6.20338	-0.797195	4.34104	-5.0051	-1.84862	
72.3393	1.45785	-1.39134	-6.57085	-2.97528	-2.11351	-4.23815	-13.5333	5.33888	8.66747	0.55088	4.16385	-4.51911	-2.7951	
72.4821	0.891534	-1.24725	-7.44775	-5.34981	-2.86825	-3.69481	-16.3691	2.43249	7.08117	-1.31126	3.79334	-5.14647	-1.65929	
72.5491	0.497092	-3.72563	-6.93338	-6.81435	-5.51476	-2.13396	-20.1134	4.40664	6.00907	-0.748625	4.78769	-4.88002	-0.335891	
72.8812	1.11617	-2.09338	-5.3517	-5.87484	-3.40491	0.21949	-18.4723	6.07765	6.47786	0.184445	3.7924	-3.7429	-0.899528	
72.3967	0.671743	-4.1059	-8.08811	-7.41311	-3.28173	-0.0790868	-18.3695	6.8204	8.52717	1.95475	6.08479	-3.11241	-0.418913	
72.2876	1.38789	-3.27295	-5.98642	-3.91983	-3.65936	-0.420782	-20.2324	4.04527	7.87187	0.833284	4.93367	-4.56796	0.247932	
70.362	2.34016	-4.02825	-6.48277	-7.72192	-5.76186	-1.60254	-21.0896	4.11602	7.84511	0.0941409	4.62612	-4.86419	1.12572	
69.9011	3.5221	-3.54587	-3.88621	-4.49509	-3.76066	-1.22049	-19.7737	1.70368	5.48407	-0.92336	2.89134	-4.51196	0.274328	
69.3481	3.3815	-3.76859	-3.89001	-4.78541	-3.59358	-3.27867	-17.6937	2.06919	8.9218	-2.03399	5.28814	-1.84	0.677287	
68.5428	2.79948	-4.5082	-2.38	-5.66076	-4.61733	-4.12614	-17.2465	1.70068	12.5788	-2.19174	7.05444	-0.0677492	3.32269	
69.1559	2.07454	-4.00696	-2.47665	-5.67212	-6.26295	-4.18087	-15.1996	-1.57098	10.741	-5.61943	7.20377	1.51863	3.91389	
67.7873	2.50435	-4.88106	-0.378247	-2.35892	-7.4344	-8.0075	-15.061	-2.70368	10.8561	-8.04864	5.62322	-0.121692	3.24324	
67.1504	3.86452	-5.29867	2.41594	-2.40617	-6.30722	-10.0538	-11.0909	-8.35422	12.2589	-8.14969	3.44565	0.830337	2.92218	
65.9907	5.04746	-4.65802	5.34754	-0.918487	-9.0191	-9.47041	-8.51465	-1.43607	9.11703	-4.71769	2.57613	3.67738	2.1349	
64.6885	4.04567	-6.41203	7.02198	2.01151	-6.52904	-8.53851	-7.82865	-0.536361	-0.102558	-2.65608	0.852855	5.23393	2.45581	
64.739	5.42233	-6.40372	9.70366	5.78052	-9.25239	-5.77196	-8.18953	-1.8581	2.2722	-4.54212	0.941339	4.33688	1.57754	
64.737	4.18039	-8.09686	12.2926	3.06754	-4.84883	-6.94689	-5.27102	-1.02524	2.33033	-5.38933	-3.36908	2.47403	-2.14706	
63.3249	5.00082	-5.72841	12.826	3.44227	-5.71599	-13.6167	-5.12771	-3.99098	0.55172	-2.9032	-1.07814	4.17759	-2.00884	
63.5022	5.42921	-6.48241	14.3792	2.78441	-4.57498	-14.197	1.82477	-5.93936	2.50959	-3.45285	-1.9569	1.31207	-1.96995	
62.4588	5.25468	-6.57902	15.5801	4.18395	-4.79276	-12.8107	1.18648	-6.9767	-1.35722	-5.20353	-3.95187	1.87317	-1.74142	
62.2049	6.43798	-5.78074	14.3599	3.86543	-7.16378	-13.224	3.02761	-7.05387	0.412766	-2.26719	-5.20569	4.9703	-6.24908	
60.9164	5.49521	-5.67266	15.5538	4.17699	-9.2145	-9.73589	3.81963	-5.9467	0.815389	-4.53233	-5.77805	4.98318	-1.26186	
59.228	5.52266	-4.11029	17.4054	5.15328	-8.25629	-10.4535	3.38465	-8.14124	-0.0228642	0.326257	-9.01389	4.94418	-4.00248	
58.0963	6.63949	-1.24603	15.6938	3.90189	-7.18937	-10.3006	7.97787	-6.43615	-1.34705	-1.33752	-4.75805	3.84495	-3.83948	
55.9956	5.04885	-3.88002	16.6483	8.13947	-7.30941	-8.25596	4.96331	-9.54604	7.7724	4.67971	-3.9174	0.635736	-4.11349	
55.3993	4.84376	-1.85882	13.2457	3.02194	-8.93552	-9.49571	-1.91205	-4.48997	6.61496	4.19997	2.98012	3.00317	-6.34708	
54.9856	4.54338	-4.26107	11.4626	-0.00397954	-14.8813	-8.2699	-1.70378	1.64778	5.80004	-1.9728	2.67753	2.20781	-0.656118	
54.5478	4.85459	-1.57788	8.56207	1.10044	-10.2625	-3.66859	2.28659	-5.22286	0.847795	-0.242468	-4.34877	5.04607	-1.42031	
55.2044	3.46154	-6.16764	8.49385	1.96455	-11.0103	-8.36192	1.07339	-11.0385	-3.32839	1.46372	-4.74194	-2.06583	-3.026	
55.105	3.54741	-4.95729	10.6376	3.9723	-8.85575	-10.0288	0.548548	-8.08159	6.77654	5.99893	-3.42316	4.64345	-5.1498	
53.7276	3.95806	-4.29461	9.33556	-1.61257	-12.5497	-12.6326	1.22678	-7.09665	2.69415	4.36142	-3.0747	2.34259	1.48872	
54.0127	4.84578	-2.60357	7.91834	0.398257	-12.8223	-6.38153	-2.50996	-7.6211	0.55311	7.42279	-0.705047	3.17306	-0.961926	
53.4636	4.32744	-4.9347	8.47914	1.67993	-6.73743	-4.29542	2.52218	-2.24977	2.46084	7.1831	-5.97789	6.12277	-3.04665	
53.4281	3.44358	-1.62497	11.8091	-1.73996	-10.709	-3.74843	-0.431564	1.97019	-2.929	-1.92349	-1.69077	10.1308	-1.19583	
52.8612	3.17678	-3.06027	8.42891	-3.73216	-14.6319	-9.52795	-1.5009	-0.600679	5.57893	0.0457885	1.92654	10.4149	1.61778	
52.886	2.48794	-4.41103	9.21135	-0.596671	-8.35306	-4.85314	-3.6856	-2.47719	3.92086	1.17839	-1.03113	2.17419	0.00608047	
51.5981	1.16247	-4.6468	9.26623	-1.85559	-12.6858	-11.531	-4.75017	-1.16814	4.07265	3.50694	-3.56111	4.99804	-1.46433	
50.9828	2.06313	-1.22307	10.2156	0.1777	-10.2864	-9.90525	-5.60483	-5.60606	-4.4915	-2.5916	-0.206823	3.25097	-4.3387	
51.1347	3.38338	-1.31341	6.09972	-4.14791	-15.6076	-6.88471	-9.11011	-6.99984	0.826762	-0.739098	0.857792	5.06471	-5.38089	
50.881	3.01482	-1.95057	7.88625	-0.993606	-16.6762	-3.605	-0.877361	-3.00682	9.47407	7.5309	5.03663	1.88305	-3.40441	
50.1653	3.52243	-0.804744	7.97534	1.35942	-9.64415	-5.60677	-4.59834	-5.84459	0.858065	7.83933	3.10989	-6.14052	-5.4722	
50.3833	3.0095	-2.16966	5.72507	3.31952	-5.3252	-3.09339	0.91077	-3.1033	-0.167556	-0.226766	6.29967	0.0333568	-8.71503	
49.5128	2.47362	-1.78543	10.401	3.15787	-11.0003	-5.30097	-3.82076	2.37955	3.42604	1.36622	-1.75198	3.35208	-3.17147	
49.6999	2.37288	-2.52389	6.08274	4.37507	-6.27354	1.25165	-1.60333	2.89012	2.90476	2.26141	-1.78238	-3.82183	-2.98371	
48.062	0.686408	-0.369288	6.24769	-1.50791	-4.23416	-3.2412	2.21163	2.53087	-2.93287	-1.16512	-4.5827	0.759811	-1.94729	
46.5474	-0.231854	0.521016	5.05509	0.424484	-6.03023	-5.03531	-2.66791	1.66023	-2.75646	0.595051	-1.96667	0.945873	-1.94479	
46.5594	1.9849	0.981355	5.63887	3.27872	-9.77822	-5.75678	-0.611285	1.68781	-0.271554	4.46262	7.25014	0.385605	-0.019919	
47.1791	1.33432	1.03488	5.53138	2.89752	-6.23847	-9.34008	-2.72489	3.69819	7.39517	7.23371	5.10125	2.7196	-2.45248	
47.6931	2.17325	1.32853	7.87678	1.27513	-9.22576	-7.0675	-3.70462	-1.34127	5.48473	0.648524	3.2545	7.48986	-3.5807	
46.979	1.4583	6.38303	7.35451	-3.42356	-9.84664	-8.08336	-1.28598	-3.52667	1.10922	3.46924	2.88338	5.73855	2.12722	
47.0044	2.41421	2.66066	1.82055	-0.384389	-12.337	-3.98046	3.00112	-2.32599	-2.46378	5.30285	4.66465	-2.35903	1.38477	
46.1273	0.873019	4.36917	8.12992	1.88243	-7.01294	-6.46663	2.44182	-0.926869	-0.412903	4.56659	1.11994	0.888482	4.70187	
45.8882	-0.591117	4.39201	9.04453	0.560058	-4.31866	-5.60252	-5.56404	0.230439	-6.21986	0.194147	3.23079	-2.57392	0.0177468	
45.6286	0.125835	1.98891	5.78628	-2.90138	-7.27038	-1.44528	-3.04345	-4.32149	-2.60166	7.33137	2.90305	2.1989	0.751651	
44.7363	-0.301075	3.34904	7.55281	0.799897	-3.54905	-6.43983	-4.87734	0.870286	2.20347	9.50012	2.10787	4.23945	-0.579709	
44.9349	0.515322	2.73405	9.54951	3.77439	-3.4581	-5.31884	-6.61343	-3.22444	-4.65785	2.446	3.95187	1.26491	3.6834	
45.1517	1.48055	6.20472	6.82364	0.713533	-4.89983	-5.6742	-3.52482	4.62204	-1.48641	-2.6427	9.51783	4.21576	-0.194815	
45.5166	0.138075	4.09823	3.88634	-1.73572	-5.35028	-1.2163	2.39964	-4.40022	2.1284	5.04791	5.44924	5.47426	0.735799	
44.8639	-0.0967171	3.61652	7.56411	3.13081	-4.26068	-5.53221	-4.53312	-5.57455	1.30434	5.2523	-0.435536	3.22927	1.95836	
44.7697	-1.38024	1.3707	6.64233	1.53228	-4.29293	-4.10039	-4.8566	0.358274	2.66688	6.73423	2.27683	2.84924	1.0375	
44.0406	0.078812	2.30145	7.01122	-0.181264	-5.17283	-1.66214	-2.47051	0.226066	-5.80652	5.80856	1.69351	1.3364	1.19725	
43.8334	-0.879062	1.30756	6.67482	1.45209	-10.6136	1.75925	-2.91188	-3.02033	-1.88085	1.33083	-0.632156	1.02622	-2.12889	
43.293	-2.04261	1.34676	1.70036	-1.21331	-11.3026	0.444446	4.08781	-5.23658	3.0431	-5.48546	1.27588	-4.17218	-2.11963	
44.3117	-2.70078	3.59787	3.37706	-2.51408	-1.98066	-0.0968184	2.3168	-3.72308	2.50584	-6.61643	-5.48991	-0.684513	5.35282	
44.4466	-0.615375	4.05075	8.04392	-3.10976	-4.46815	-2.21085	-1.92441	-2.89173	2.47239	-2.50887	-0.414072	5.47486	1.00717	
43.7325	-2.06946	2.35837	7.07713	0.563812	-5.43652	-4.24148	-5.37163	1.88388	5.60929	5.34045	1.28909	8.12371	1.72476	
43.3778	-4.81647	3.45952	7.99126	3.43342	-3.62644	-3.86015	2.18733	2.74871	0.732554	0.763693	1.22641	1.23815	1.29306	
43.4778	-3.04838	1.94626	3.49152	-2.31511	-6.91424	-7.21867	-6.51049	3.66354	3.35431	3.08364	-1.85182	-2.16561	1.51887	
43.3839	-2.18658	2.59339	2.04685	-5.30588	-2.47576	1.25531	-5.53823	-0.763189	9.74338	1.37255	-1.54637	-4.45123	3.88517	
43.4174	-2.47155	1.50848	1.25902	-0.601562	-0.801294	2.80699	-2.61276	-2.20182	5.61747	-4.26683	-4.43587	2.70293	-1.11574	
43.9029	0.693386	5.01126	5.12091	-2.48907	-7.04375	-3.35846	-8.03127	0.869016	-0.774248	-2.83941	0.88577	3.1602	2.76759	
43.7255	-1.52823	2.3852	4.95462	0.927931	-2.3635	-3.02077	-5.54735	-5.42326	1.58112	2.55183	0.774177	0.831465	3.37885	
43.6649	-1.31097	1.83772	7.46518	0.840913	-1.84623	-7.97337	-4.78818	-1.25155	4.82313	6.46932	-2.77775	0.257777	3.1385	
44.1932	0.70553	2.48616	5.36429	2.97454	-2.35302	0.704289	1.32061	2.31192	4.77454	3.8058	0.742566	1.52567	4.75369	
43.1563	0.302092	3.56358	6.33475	4.50246	-0.30203	-2.10912	-3.65383	-5.63384	1.31071	2.82769	-0.126071	-0.18951	-1.00512	
43.1109	-1.47874	4.86394	6.92075	0.613213	-5.94528	1.27919	1.63128	-3.21697	0.515546	5.84515	-1.32776	-5.56555	0.441128	
43.9972	0.536114	3.75288	6.53651	2.61945	0.220545	0.0338566	-5.74536	-0.481936	0.395915	7.08497	4.19678	-0.70814	-0.697719	
43.7219	-1.61777	3.46654	7.33091	2.08325	-2.66412	-1.46987	0.773146	-1.85554	1.1638	1.14574	2.52714	5.76209	5.40328	
44.0885	-0.520323	3.4966	4.21339	4.47805	2.11423	1.53681	-0.636838	-6.0208	-8.37041	0.286946	4.4293	8.11375	9.05586	
43.7154	-0.666859	1.50515	6.10627	3.25171	-0.753172	8.74827	3.24395	-5.32727	-2.47229	5.02816	2.33583	1.15739	1.43983	
43.6741	-2.23477	5.1485	6.25597	-1.29071	-3.68474	7.08339	5.75964	-5.033	2.01801	3.87834	-1.95845	-0.98375	5.69557	
43.1302	-1.65678	3.05737	4.89405	0.226734	-1.38525	-1.29447	-2.95958	-0.538215	-0.321407	1.97242	-0.296906	-2.09819	0.604409	
43.4145	-2.86314	2.34829	4.2673	1.72461	-0.784642	-1.54934	-1.22438	-2.43402	-1.65139	-2.3462	-0.0607251	-1.99058	2.83111	
42.9132	-2.01171	2.63572	3.52404	-1.80254	-1.73426	6.54037	5.17547	-5.50103	0.0864204	2.99971	1.82758	0.786733	1.2734	
42.2088	-2.46191	3.07933	6.92574	3.88821	-0.861669	4.96828	-0.543348	-3.63232	1.70329	0.642356	5.44323	4.73354	-1.334	
43.8039	-2.31528	0.70295	3.97016	1.56919	-2.58311	1.63305	-4.5074	-3.55857	-5.3077	1.37349	2.17885	2.95407	-4.13079	
43.6648	-1.14281	1.9029	5.32275	3.04889	-1.24852	2.55914	5.39087	-0.614716	0.838877	3.77771	-5.02772	0.64837	-2.09693	
43.164	-0.925862	2.37136	8.89963	0.476975	-4.50661	-1.6878	-2.63426	1.70143	-1.4182	-0.965202	3.14246	2.02328	1.92216	
42.7249	-0.35767	1.96894	5.95644	4.25389	-7.17676	-4.44211	-4.20732	1.91532	2.4731	-0.158353	-0.116666	-3.70795	2.33653	
42.9919	-1.1718	-0.661751	6.72091	5.00735	-2.22815	0.525967	3.02768	-3.6143	2.57531	-2.63273	-6.36801	-0.804983	0.0738038	
42.9305	-1.3179	3.18866	8.3718	5.79865	-1.72098	1.59078	4.30556	-7.9008	2.38573	-1.62866	-3.3609	2.60647	3.91889	
42.8836	-2.72602	-0.808089	3.40332	-0.307199	-5.29624	-0.566304	5.78961	2.78131	4.4638	1.75177	2.82049	2.84755	3.98922	
43.1317	-1.70475	2.19315	1.14093	2.09285	0.0326823	4.12018	7.49319	1.37003	3.68882	0.331949	-1.87128	5.97579	1.91808	
