5.75675	-8.09975	1.19459	-0.134087	0.739312	-3.79623	0.725232	9.36255	2.10586	-4.13489	-4.24069	-7.78033	-1.78062	-2.32071	
18.3601	-4.31121	5.50227	0.999045	-0.0476493	-3.62441	-4.29221	2.11944	-6.39913	-8.80575	-3.44949	-3.92418	-0.122473	0.896101	
24.0643	-2.22071	2.40561	1.82956	1.89222	-1.55417	-1.78384	5.43049	0.137684	1.32233	-1.12552	2.51648	2.00956	1.90397	
26.3533	-1.5531	1.90935	-0.739183	-2.16097	-2.84071	-1.00211	1.45748	-3.73668	-5.76197	0.576613	3.45338	-0.0518927	2.75203	
27.4488	-3.82432	1.12745	0.135941	-6.46962	-8.34035	-2.71942	2.8108	-0.406066	6.8507	0.0496314	3.0375	-3.11776	4.28888	
29.7465	-0.299334	-0.693068	6.11276	1.37569	-1.1299	0.524957	1.98859	-2.04616	0.201694	2.36026	-4.90216	3.58717	3.46771	
32.1143	-1.2996	2.43988	4.18069	-2.42634	-7.28975	-0.465057	3.32584	5.28698	-3.95809	-5.24233	0.527795	0.107408	5.36242	
33.4235	0.1477	3.72173	1.46326	-2.98147	-5.38896	-5.40958	-2.94215	-2.26988	-7.96297	-4.67666	-2.56428	-0.138605	6.59915	
34.6981	1.47656	2.49673	1.21832	-2.78462	-3.0514	2.11394	2.28493	-3.7506	-8.17077	-5.93813	-4.38415	0.17701	6.76542	
34.1229	-1.22672	2.97868	1.98339	-5.37163	-5.17073	1.04863	2.62396	-8.08604	-7.18784	-6.11675	-2.9263	2.28873	0.217968	
35.4604	-0.688964	1.76055	1.51183	-5.51339	-4.4582	-7.79713	-1.38373	-1.95681	-7.48473	-0.972829	-6.57703	0.619162	0.388385	
35.9378	-0.564076	2.9507	5.7865	-2.64117	-3.87825	1.61921	2.68038	-5.46963	-4.0901	3.91158	-2.5382	4.29359	3.00623	
36.7513	-0.883956	2.62242	4.21097	-0.0528959	-5.86395	-1.21958	2.62479	-1.75268	-1.5225	2.03607	4.97061	5.86721	8.0462	
36.067	-0.64718	0.661407	-0.778201	-2.24518	-4.44639	-6.47748	-2.88795	-6.10984	0.875022	-6.99374	1.42601	-0.710215	0.808708	
36.5758	-1.85726	0.846078	1.70223	0.85201	-3.37027	0.874929	0.151231	2.06024	3.75555	-6.55555	-0.83199	7.26823	2.57903	
36.3876	-2.31273	1.59459	2.59312	0.443824	-6.36542	-2.00466	4.50653	2.2409	0.526939	0.819672	1.55498	2.87074	1.35185	
37.9124	-2.12704	2.95157	1.85449	-5.14359	-3.09964	2.14456	0.36962	-0.222464	0.960906	-2.94741	3.09558	5.45413	1.05276	
39.092	-0.205604	0.370071	1.87031	-1.87042	-3.61363	0.179448	2.63618	0.170738	2.24019	1.04708	-1.14827	3.8256	9.30828	
38.5503	-2.25665	2.73218	5.77315	-1.26	1.23553	-1.63036	1.85457	1.01569	5.93935	2.82467	4.602	-4.77054	5.65287	
38.2678	-2.53943	0.218966	3.66721	-2.42722	1.94831	3.98126	-5.89197	-1.325	0.734142	-6.06945	-2.61631	4.93897	3.35731	
38.3873	-5.27401	2.50736	3.56374	-1.105	-4.94934	-2.71926	-0.996815	2.90474	3.01332	-4.38461	-3.64862	1.29288	5.54554	
38.6574	-2.94621	3.45714	6.03545	1.72578	0.0555552	0.148822	3.44569	-1.09941	3.86972	3.86113	2.37932	2.23516	4.13151	
39.636	-1.45605	3.35511	6.07095	1.65412	-1.92843	1.40739	-0.452756	4.07078	-1.57419	-2.21477	-7.62365	4.34715	4.45922	
40.3636	-2.26984	2.23285	4.19769	5.0011	-0.170294	8.64276	2.78541	-7.56962	-0.690618	-2.29306	-6.75143	3.08182	6.23641	
39.6929	-1.96275	0.938802	6.97098	2.57966	-2.80941	-1.33615	0.00706301	-2.37691	-3.06853	1.84751	-1.38961	7.18832	7.97954	
40.1969	-0.228041	2.27567	4.1062	-0.686764	2.07465	-3.61882	-5.83808	-1.67816	-6.32606	-1.53313	-3.40694	2.56176	5.63998	
41.0997	-0.77949	2.6278	4.33681	1.00951	0.465581	-5.66959	-6.79086	-0.651929	2.79286	4.63616	3.28246	3.31339	11.6554	
41.3024	-0.21308	2.45766	4.25465	1.73985	-2.44699	0.549987	-6.31215	-3.30268	1.88116	-0.559073	-3.05824	-0.663456	1.9058	
41.5371	-2.62573	2.55358	4.3849	0.767706	-2.91852	-1.66571	-6.94551	-1.09407	7.01338	7.39307	-1.51794	0.232803	3.27345	
41.4838	-3.07348	2.15914	3.03807	1.42892	-2.23016	-1.17744	2.70946	-1.0436	3.25389	-1.18889	0.563634	5.18933	2.00998	
42.3948	-1.50247	2.75138	3.34242	1.5197	-4.61065	3.06927	7.89741	0.094246	-3.31047	-2.43268	-0.559149	1.78482	1.01181	
42.4216	-1.42748	2.00456	3.40883	5.19755	-6.23414	0.397609	1.15662	1.68963	-4.84233	-2.42915	-3.55426	1.77873	2.04181	
42.3027	-1.89567	0.892108	6.15643	3.45119	-1.68865	2.01014	2.15261	-3.76803	-3.58517	-5.12484	-8.07898	-3.59593	1.54001	
43.1317	-1.10174	3.34982	4.46925	4.29315	-4.79804	1.50928	-0.741241	4.54871	5.09829	-6.08373	-4.29292	-0.800528	0.829641	
43.1893	-1.66056	1.53626	7.5089	0.909542	-3.47786	-3.3292	-3.33366	-0.569822	7.72787	-0.646689	-4.90721	-2.4499	4.26373	
42.7964	-1.60876	0.676502	2.1918	-2.64902	-5.49615	2.46268	-2.18959	-0.245401	-0.494033	4.22451	3.14055	0.976033	3.76794	
41.7269	-1.67254	2.5634	5.93449	1.25473	-4.49302	-0.344115	3.64082	-0.88097	-5.99133	1.29124	2.11882	1.17704	-3.13237	
41.0843	-0.971943	4.94334	4.16912	0.664094	-3.25665	-0.669108	2.29719	2.7639	-3.70098	0.0673668	1.29935	5.44017	-1.11241	
42.2945	-2.54392	0.835854	2.99741	4.13565	-2.70522	-2.17821	7.00946	4.23345	-3.33692	-3.5035	-5.52069	1.60705	-0.577833	
42.4541	-1.45904	0.542473	4.25823	2.01537	-2.03484	2.27424	7.13719	0.681544	4.12758	-2.64893	-4.62779	-1.7511	-2.93704	
43.5106	-2.13845	0.510941	4.06412	-1.32405	-2.93265	2.40194	2.51448	4.18182	7.54964	4.97071	1.01788	5.22352	-0.755818	
44.0217	-0.857077	2.58041	4.99014	-0.736361	-1.46007	-1.08764	-2.03948	-1.62993	-0.98276	0.91081	-3.42927	0.895887	-2.0615	
42.9596	-1.07804	1.44599	3.15068	2.49715	-1.44492	0.460556	2.31205	-6.3015	0.63139	0.82236	-6.17473	-6.05204	1.75925	
43.0285	-1.90804	0.236318	0.435227	-1.186	-6.36148	-1.86424	3.93331	0.522248	5.30931	4.0051	1.55196	1.81337	4.37774	
43.9995	-1.74804	0.970012	2.74444	-3.66715	-3.39012	0.347092	11.5741	0.365136	2.88748	0.896755	-3.26322	-2.17909	-3.29836	
44.9768	-3.7005	-0.962899	-2.22677	0.946194	-2.47931	7.06364	1.66151	8.91396	1.81401	12.5466	0.385658	-1.7857	-0.576558	
47.3551	-4.84873	3.02526	0.903133	3.7842	-3.13166	2.01785	-2.34545	4.21101	-0.916892	2.17422	-4.16222	-5.45033	2.26233	
47.5778	-4.88006	2.55202	1.03226	0.0908694	-1.1082	-0.0671898	-6.97297	-0.626622	-4.58871	0.959307	-2.08101	-0.82593	-0.654189	
46.4812	-5.31227	-0.301172	3.04378	-3.99916	-4.11124	1.70437	-9.65097	9.195	3.06046	10.4535	3.1882	-6.1139	0.562883	
49.2645	-6.28667	2.15396	4.48173	-6.14298	-1.74557	2.56673	-6.97934	4.55229	-3.93841	5.21502	-2.5793	-3.0141	5.09288	
50.4778	-6.54375	3.87039	4.84693	-8.04033	2.83567	-1.51043	-5.08742	1.76559	-3.99782	2.20411	-9.79365	-2.37261	3.93127	
50.7054	-7.25049	3.23668	3.47294	-3.93366	-0.731528	-4.38999	-4.65487	-1.1351	-2.4068	1.23486	-7.02156	1.12056	-0.897198	
53.3729	-5.70762	0.647186	0.956738	-3.30244	1.18711	0.00482266	-1.80537	3.46232	-5.33533	0.918402	3.35306	-0.134511	-0.595171	
52.4361	-6.01223	-1.45349	1.47225	-8.83306	-3.58803	-3.09847	-3.10522	0.447896	-7.22977	6.45178	2.51496	6.31456	-2.98743	
53.152	-7.98394	0.28653	0.363553	-6.58052	2.40129	1.45273	-1.37409	2.40608	-3.18906	0.347562	-5.97174	0.536756	-0.515227	
52.3346	-8.93961	2.09689	3.11711	-8.21928	-0.230773	6.64865	3.08727	1.76655	2.41308	2.76595	-4.7905	-8.04821	1.63753	
53.9418	-8.48649	3.21764	3.73896	-2.81307	2.21633	5.58051	1.82018	-0.602999	-3.90876	-0.860117	0.168809	-3.43307	3.69908	
53.2159	-8.49049	0.325031	6.71939	-7.31776	-0.8135	3.73206	-0.934118	-0.65575	-3.11588	-3.66464	-1.69142	0.123809	4.59091	
53.3666	-7.25523	1.98901	5.5692	-4.54947	-3.96457	-1.45985	1.88798	-0.809042	-5.45285	3.47192	-2.77119	0.0231865	-2.01812	
55.325	-7.18493	3.65035	6.89254	-7.37189	-4.20975	0.629795	0.391603	1.95031	-1.2427	2.61656	-1.2962	4.04921	4.62584	
53.53	-10.0732	3.66508	6.35543	-9.22608	0.150339	3.05639	-6.931	3.70395	0.290903	5.65337	-6.15725	-2.29068	0.0205952	
55.614	-6.26771	9.70057	16.8793	-4.38176	4.05447	8.65119	-3.63127	6.03528	-0.808768	0.839496	-2.07688	0.326606	0.0553994	
57.9275	-3.94642	11.1356	20.1078	-10.5787	1.0547	11.0131	-5.79707	8.9798	2.04795	2.01426	-2.03003	1.80438	4.56171	
58.824	-4.92637	8.56087	20.3527	-13.3953	6.89239	4.11033	-4.65742	7.16734	1.17125	-3.89527	1.62371	7.89073	2.93366	
58.3566	-7.68037	13.2666	18.6092	-12.8606	7.31554	4.18537	-3.74852	9.23083	0.502524	1.62128	4.52396	6.60446	1.42976	
58.4412	-8.99248	16.106	14.4733	-11.3458	7.99058	6.86833	-4.64637	7.24158	7.69196	0.9772	5.52663	7.53451	0.939161	
59.4181	-10.4842	18.6239	14.369	-11.0452	8.99072	3.75167	-4.0615	6.08069	6.64913	1.42096	7.59844	4.72939	-0.467944	
59.1717	-11.3717	18.5885	14.161	-7.74227	6.54882	-0.863301	0.218778	10.4297	6.96635	-0.698836	6.30875	2.90958	-0.160371	
57.8442	-11.9542	17.7271	12.7633	-8.8253	5.87766	0.811943	-1.36604	7.94136	3.89788	-6.47963	10.7157	5.21937	0.236248	
57.1217	-11.3181	19.1627	11.559	-9.21895	7.27877	-2.41396	-5.57949	4.21197	5.47256	-2.46344	7.37971	5.75945	3.75699	
58.4514	-9.01651	17.962	7.46067	-10.8631	6.01601	-1.03749	-4.68283	5.87717	6.8021	-4.1703	5.11149	2.37773	7.78838	
59.0244	-8.00724	21.7949	10.6097	-11.0929	5.42507	-4.16848	-10.0338	5.75802	9.16772	2.23123	5.84841	-3.76383	-0.503156	
58.7781	-8.6142	23.0062	9.96748	-11.0572	8.11185	-3.30754	-10.692	3.53643	3.92108	-0.0743385	3.29852	-3.50748	-4.24801	
58.3686	-6.37235	22.5483	11.4051	-12.1822	6.19803	-1.20445	-8.56999	5.69359	1.97615	-2.55471	6.74212	-3.24796	-4.87634	
59.1999	-6.45787	21.0151	12.5703	-11.2314	7.8331	2.69543	-6.27189	5.45035	0.202024	-0.31432	6.43741	-4.58125	-5.58895	
59.397	-6.71713	22.1084	12.5602	-11.1654	10.1251	0.693756	-8.14306	4.00993	0.413301	-3.30995	6.93214	-1.21738	-2.34781	
59.7891	-6.14769	20.6525	16.004	-11.7358	8.90104	-2.43819	-7.43916	7.26869	2.41621	-4.21385	3.93119	-1.98484	-2.30762	
61.5455	-7.79285	20.1126	16.5254	-10.4948	11.9464	-1.29553	-8.08803	6.88772	2.78071	-1.23421	-0.608508	-2.45318	-3.97818	
63.1684	-6.42582	17.4337	16.8379	-12.8089	9.86861	1.59396	-10.4708	6.73909	1.93077	-2.83212	-2.16976	-3.8752	-1.80166	
64.6855	-6.23707	15.1183	15.3382	-12.4318	4.29355	2.09089	-10.86	2.89423	0.70273	-2.10984	-3.48963	-0.881542	0.0415184	
65.5479	-4.58278	11.7813	13.567	-12.7539	2.61047	1.86915	-13.022	-0.11119	0.674703	-5.636	-0.737523	1.07653	1.21978	
66.2982	-3.41712	8.28741	15.4932	-12.0686	-0.111943	1.06639	-13.0527	-3.12111	0.12475	-1.95962	-2.22066	-1.509	2.83282	
68.0164	-3.68654	8.85578	12.0115	-10.4578	-0.389589	3.13335	-8.22528	-3.07703	-0.0269992	0.931359	-3.04486	-2.08838	2.43323	
68.2883	-3.6309	6.63766	12.8304	-10.3476	-0.647731	2.56163	-6.73795	-3.8462	-0.248825	3.32617	-3.2355	-2.7103	4.23971	
68.3671	-3.78257	4.62364	11.0612	-10.0226	-4.97604	1.32387	-7.26018	-3.97294	-2.70919	3.21373	-1.54616	-3.25018	3.51375	
68.5939	-4.84464	4.29804	10.519	-10.4959	-4.55806	1.30715	-5.73652	-5.38949	-2.52886	4.56927	-0.672277	-3.74068	3.72807	
67.823	-3.45643	3.12827	11.3673	-9.72503	-2.99077	3.23978	-4.24116	-2.26457	0.0270169	5.70154	2.39837	-3.45849	3.55282	
68.1094	-3.67863	4.07505	11.4136	-8.08893	-2.12183	1.52217	-5.49792	-2.55452	-1.70463	3.9766	1.28156	-3.63347	4.19607	
67.9227	-3.76932	3.01354	10.768	-5.50244	-3.82431	-0.276454	-4.39864	-3.39434	-5.77814	2.73384	1.01225	-4.3353	2.28898	
66.5587	-2.44429	2.46394	13.8602	-3.31797	-6.62164	4.33185	-3.1453	-4.30552	-5.54875	4.05873	1.5227	-6.84032	2.0392	
64.7559	-0.749449	0.73535	15.3263	0.0535833	-6.6342	3.22429	-2.36394	-0.0440784	-5.97921	5.2752	3.41972	-9.16324	2.04373	
60.7572	0.641095	1.16294	18.7844	-8.06253	0.474097	-0.0119423	-0.487084	8.33632	-0.602887	1.34144	4.94316	-0.371902	-0.383934	
60.7422	0.621508	3.66672	19.6679	-11.2112	0.575958	3.97582	1.18009	2.60817	-0.879785	3.61264	5.71304	-5.49758	2.63867	
60.1831	-1.30057	3.32746	18.6992	-11.7446	-4.0473	2.09258	5.50401	0.999207	-3.0575	5.27493	9.37644	-4.87305	3.85063	
59.3322	-1.47533	2.08145	22.4454	-11.5734	-4.12363	-1.33904	7.24207	3.73912	-1.8954	4.0831	8.33424	0.75341	2.01167	
59.741	-0.635062	1.71803	21.7746	-7.65878	-0.071577	-5.37449	3.87193	4.18838	-4.88007	0.411194	3.97034	0.350974	-0.413662	
62.7649	-1.74285	5.73959	14.3431	0.199006	-0.739702	1.30981	-1.80869	10.5761	-6.53728	-4.10967	2.96614	-4.46155	0.799421	
65.3846	-1.02159	3.51446	15.8038	1.55708	-5.0567	0.689167	-3.35928	4.48172	-9.51368	-2.31352	6.35972	-8.45107	1.77009	
66.8205	-2.02643	0.603868	13.3788	-1.77627	-7.62085	1.15516	-3.83609	0.802502	-7.99663	1.82029	4.01974	-7.01402	2.86424	
67.332	-3.20405	1.54	11.0356	-3.96124	-9.35153	0.0357868	-5.50554	-3.3666	-8.42132	2.31673	1.32338	-3.9764	1.8625	
66.9421	-1.85151	0.839642	10.5056	-3.60265	-8.04772	1.37456	-3.91388	0.158392	-4.70361	4.42719	3.79749	-3.61942	4.42537	
67.4141	-1.62677	0.725778	10.3913	-3.67682	-8.5848	1.03184	-3.52616	-1.79505	-3.09364	1.10721	2.77422	-3.4561	3.90192	
67.5812	-1.28595	1.19956	11.6794	-3.54219	-6.37663	1.17822	-3.3025	-3.83802	-3.13518	4.76385	2.55066	-6.57161	4.63651	
67.2448	-0.999977	-2.61047	11.367	-5.21916	-8.64987	-0.902008	-3.22888	-5.93701	-4.73259	1.68781	2.7008	-4.99394	3.03187	
66.5914	0.343596	0.111288	9.91527	-2.19856	-12.0645	-0.307469	-6.67186	-3.71735	-9.00491	1.1613	3.81964	-2.30766	0.938735	
66.8425	-1.15429	-0.411966	9.68799	-2.97598	-9.1685	0.335268	-3.70136	1.28722	-7.77562	2.59889	4.60996	-3.43321	0.0962481	
67.7796	-1.47824	-0.803048	9.69909	-3.94938	-8.37519	-0.780822	-5.15415	1.78434	-8.73084	3.33455	4.2158	-3.17519	2.34113	
67.2313	-1.56511	-0.874807	7.94613	-4.33277	-5.97839	-2.08664	-5.38255	2.45548	-6.68891	1.22382	5.00517	-3.39313	-1.79098	
66.4646	-0.830704	-1.10854	8.10529	-5.98917	-6.67599	-2.29032	-6.12334	1.8975	-7.36121	1.83304	4.00591	-2.82225	-0.659932	
66.5764	-1.05911	-1.8346	7.92564	-6.67502	-7.83992	-3.55226	-6.44798	1.24753	-7.2764	-2.64452	5.23571	-1.608	-1.13102	
66.4993	-0.137952	0.062492	10.0097	-6.29985	-4.88839	-2.34526	-8.15277	2.53548	-7.34554	-3.11228	5.9077	-1.67328	-2.91567	
66.2522	-0.411504	-1.87188	9.8125	-7.07297	-8.2899	-3.29927	-9.47837	-3.61568	-11.3357	-3.58529	2.21357	-1.19812	-0.105651	
66.0699	0.373439	0.940555	10.4127	-4.35878	-5.29741	-1.59783	-6.3711	-1.78257	-6.25414	-0.319308	1.74818	-1.09273	0.431323	
65.3514	-0.976701	-0.799806	11.275	-4.98207	-6.27489	2.35699	-0.852729	1.72992	-5.76287	1.05257	4.98128	-2.68318	-0.911742	
62.7793	2.77436	-1.82814	14.4995	-2.99154	-4.48486	-5.83097	-6.1269	-1.86831	-4.17352	-0.150198	5.29716	-3.06308	3.56204	
60.187	2.16816	-0.0675591	16.1832	0.770123	-5.46731	-0.952667	-5.81746	-2.39858	-11.8439	-3.64987	3.74589	-6.65922	3.85098	
56.8251	1.69376	-1.40235	15.6256	2.09471	-5.30932	-1.17471	1.7302	11.723	-0.323845	1.612	3.10673	-3.499	8.19878	
54.9816	0.737248	2.70726	17.5764	-2.93059	-0.873242	-7.6659	-1.35379	7.25462	-2.36515	1.20258	2.9437	-5.12837	1.75208	
55.002	1.31467	-3.72731	16.044	-5.11651	-5.40885	-2.26481	6.81491	8.60693	-5.29263	2.96808	2.15131	1.48102	-2.97931	
54.5348	0.843136	-1.32011	20.0611	-1.47279	-3.98476	0.307795	1.28284	4.79808	-10.6853	-0.53053	1.29303	-2.64891	5.59928	
55.261	0.951216	-0.842773	16.9962	-6.67407	0.980032	-2.93643	-4.25352	2.67134	-8.80002	6.2471	7.44972	0.560355	2.04649	
55.2541	1.38566	-0.14642	12.8963	-6.23198	0.526736	-4.34743	0.798995	7.29553	-10.9795	5.95152	3.70084	0.71133	-0.0391279	
53.1469	1.17905	2.13986	13.7182	-8.33431	0.935973	-0.0292404	1.21957	7.33867	-4.68112	7.70303	4.64966	4.68042	0.970638	
52.8669	1.12838	1.8391	17.4964	-6.54391	-3.39735	1.37971	0.492636	8.44771	-0.696008	11.0658	-0.0314595	-3.17716	0.166839	
52.5439	1.51805	3.69835	17.7371	-6.12756	-6.24635	-5.49486	-2.43144	2.94383	-9.9464	3.92676	2.97506	-5.14763	-3.2543	
51.7561	1.31829	6.9106	20.6682	-2.65305	-3.99113	-3.55494	-1.56575	0.358385	-3.90948	3.83909	6.65593	-4.57196	-3.45885	
51.2083	1.03563	4.86063	13.566	-2.45294	-3.57226	-5.62559	-0.391014	5.52092	-7.11876	0.992757	0.814252	1.51658	0.782634	
51.2104	0.261568	1.87302	14.7126	-1.28877	-1.32539	-1.42304	6.87063	4.1347	-8.16972	0.0361693	2.21172	-1.15377	-3.21199	
50.6196	2.45682	5.52346	12.8705	-4.82548	0.883533	-3.34072	-0.906831	2.91527	-1.71757	0.425666	1.61902	0.949922	1.13861	
51.1498	-1.62213	5.51222	12.6962	0.548493	-3.94925	-6.08611	-7.10258	5.02609	-0.909512	0.142437	-0.0135574	-4.04834	-0.0965286	
50.3984	-0.515853	5.97914	11.9478	2.02616	-1.55293	-3.7949	-8.72859	0.486261	-3.38061	5.08847	1.46078	-2.34173	-1.8998	
49.6162	0.0931388	4.85623	17.1312	0.618869	1.58154	-4.63085	-4.00994	3.46166	-3.75786	-2.95651	1.92881	-8.05621	-1.02137	
49.836	0.160853	3.79561	15.3739	0.00372785	4.31405	-2.67418	-1.08413	0.844739	-4.05807	-0.211779	0.239283	0.704007	-0.201842	
49.755	2.53452	3.90099	11.1645	-0.664439	-2.13103	-5.78568	-1.02248	2.37345	-6.62605	2.43441	-0.543755	1.24364	1.41741	
49.7334	-0.52759	4.83644	17.5064	-0.566667	-1.28603	2.66562	9.05437	9.15495	-8.90175	0.356805	0.885571	1.47031	-0.494876	
49.3361	0.569295	5.51768	15.6509	-0.510307	-1.10178	-1.18949	1.47991	1.93544	-3.1219	0.958962	4.81891	5.48651	5.4867	
49.2472	1.47182	2.97367	13.7249	-1.27529	-2.19477	0.312053	1.58597	0.167369	-2.73096	3.06946	7.38034	7.04783	2.09777	
48.0671	1.57524	2.3871	11.6113	-4.13751	-7.64109	-5.33885	-1.43201	-1.16157	-2.95331	-1.11328	3.64716	0.934336	-1.94831	
47.9033	-0.976098	3.22428	10.511	-2.79353	-6.32621	-2.34228	4.52807	-1.11521	-6.39622	-3.33962	3.184	3.50514	-1.78823	
47.0604	-0.996205	4.57196	12.1116	3.04027	-2.87744	-2.29052	-0.665319	-3.41184	-6.41614	-1.40583	2.37857	5.31674	2.83452	
47.5417	0.889682	5.34337	10.3829	0.13319	-5.0277	-4.24296	-3.80015	-0.734521	-8.29296	-0.903945	5.72457	1.18785	0.394597	
47.0645	-0.821041	3.10378	9.27015	0.365684	-4.91936	-4.34599	2.74561	1.67828	-3.08924	-4.63729	5.62159	2.98099	-0.600412	
47.6184	-2.01898	1.39366	8.82719	3.51748	-6.46221	3.04081	6.86151	4.84741	3.27622	-0.758628	-0.401558	-2.12817	-3.02287	
46.2208	0.793496	4.95942	10.3568	1.54322	-5.59817	-3.61709	-1.7623	-0.0399607	-0.264281	-2.26973	-3.31779	-1.89306	-5.14252	
47.6441	1.23633	2.6976	10.8292	3.56739	-6.16455	-2.51787	-3.15995	-1.44389	0.514544	3.86211	0.760923	0.76666	0.600641	
47.1424	-0.0245184	2.70673	7.90178	4.86478	-5.35295	-3.59582	-1.94303	-4.94977	-2.99967	-0.117567	1.76072	-0.928614	0.746876	
46.7431	-1.72735	2.63025	10.3083	4.13138	-0.515071	-3.81301	-0.314723	2.75588	4.00209	1.69905	1.61645	-0.743616	0.340856	
45.7007	-3.02564	0.672925	6.74125	3.19881	-3.72335	-1.83111	-2.11986	-2.34991	-0.631454	-1.84449	-5.15458	-0.720471	-1.19486	
46.3141	-1.04003	2.26334	7.81983	5.82796	-4.87519	1.65399	1.24795	1.34798	-0.211954	-5.63963	-0.283289	3.83984	3.71159	
46.2127	0.830912	5.78039	10.3738	7.56782	-4.25126	-7.62539	-4.71706	-0.293361	2.62862	-4.29873	-5.63426	4.73826	5.53819	
45.6817	-0.409177	3.33311	6.18747	0.714237	-3.2371	-0.796707	4.68382	-4.42924	1.76485	5.00104	-4.35375	-0.314671	1.00937	
45.8945	-1.37172	0.216183	3.90808	1.33405	-1.41513	-9.70283	-9.47031	-0.181901	0.156384	3.85802	3.03131	6.99811	-1.12348	
44.5125	-1.73659	2.18334	5.29652	1.84405	-1.7061	2.97486	-0.293688	-3.50785	-0.838688	1.26436	5.35934	1.93382	-2.50761	
44.9424	-1.50933	3.76036	3.68034	-1.64592	-2.2418	-5.13006	-5.26732	-0.160666	4.52024	3.27252	-4.95378	3.50346	-2.71428	
45.5739	-0.942147	2.59961	5.16521	1.03707	-1.6458	-1.2468	-1.8836	-0.682996	1.06582	4.24999	-4.11502	1.51366	-1.55772	
45.5458	-1.85137	6.05645	8.44056	4.26001	-0.953402	-4.36625	-2.62065	-2.62429	0.267938	-3.61842	-2.69134	-0.736398	2.54964	
44.5068	-1.88775	0.355162	3.52783	3.37314	-4.25859	-0.546258	8.97976	-9.33473	0.701215	0.187716	-2.21978	0.997659	1.54654	
44.1433	-1.49804	2.27451	1.59888	-2.37266	-6.28465	-3.49979	-5.68095	-12.5079	-1.49924	2.15446	-8.31169	-1.90898	0.986991	
44.6959	-1.9148	6.02849	5.7669	-2.62519	-1.58028	2.68026	4.1959	-5.56419	-0.0618567	4.72972	2.07405	2.00273	3.93498	
45.5347	-2.26421	0.900481	3.39184	-0.327647	-1.85003	-0.872305	0.468711	-4.14942	-0.213479	1.93417	10.5727	2.87814	2.21298	
45.054	-1.31	4.21658	2.84739	3.69803	0.856527	0.727545	3.24794	-4.88365	3.15099	-0.695846	5.62005	6.53377	-0.175244	
44.5576	-1.30561	3.61102	5.90816	0.321578	-4.42966	0.624639	-1.8426	-7.7561	4.34424	3.87792	-3.53717	0.533764	2.46156	
45.1655	-2.6777	0.399512	2.55299	-4.26781	-4.05164	1.20859	3.47492	-0.600281	3.55735	1.11074	-1.39666	-1.07559	2.11542	
43.7282	-3.22493	1.32972	4.28707	0.976469	-2.06318	-0.0827613	-2.65339	-5.06992	-5.93784	-2.59261	-0.705618	2.26684	-2.46318	
43.7958	-1.15019	4.2724	4.05617	5.78092	3.11795	2.97955	-2.85514	-6.39597	-1.48597	1.6229	-0.0651297	-0.279648	1.31899	
44.2428	-1.66117	1.6142	3.91575	-0.759998	-1.21642	2.97705	4.75739	4.01207	-2.2668	6.37659	5.79427	0.845571	4.55711	
43.8824	-1.59981	0.931523	3.80219	8.48423	5.21212	0.833743	5.52304	3.6608	-0.455522	8.62745	0.288969	-3.0102	-1.7066	
44.0668	-1.58955	0.441974	2.79664	1.23492	-2.07417	-1.21274	1.88859	-3.61343	-4.04449	0.68351	-2.605	-0.550253	4.38153	
44.4184	-0.799969	1.94538	3.78866	4.05228	-4.02244	-4.75485	-0.240341	-9.7103	-7.20602	8.55213	-2.80519	0.52006	7.58751	
44.9371	-0.93663	3.91996	6.93813	0.455396	-4.02142	-7.59987	-2.33435	-4.88016	-9.33408	0.0459093	-1.52925	-0.0513229	5.22112	
44.4706	-0.277344	1.90127	5.01418	-0.914294	-6.28741	-2.76827	-6.26794	-6.96124	-2.30301	-1.6444	2.33548	-0.799531	7.05162	
43.2625	-1.5995	2.74484	8.54845	3.34933	-1.68543	4.18539	-5.28782	-4.95282	-0.681363	0.0585967	-3.48953	-1.02022	-0.115726	
44.1967	-2.55087	0.120498	4.58983	1.27955	-0.607838	4.59896	2.08621	0.278311	2.63298	8.0683	3.39652	1.57111	-3.94383	
44.2423	-0.505863	3.17971	2.79721	2.07654	-1.54338	5.1089	-3.86317	-6.22392	1.25436	-3.43698	1.52486	-2.2127	2.29273	
44.8176	1.81462	2.45475	4.5411	-0.545094	1.74214	0.784577	-5.12763	-7.31378	-2.93739	-0.290375	1.30439	3.8945	0.0487054	
44.2141	-1.65599	1.7485	7.03656	2.16358	2.45214	1.22261	1.38592	-6.02797	-2.85201	1.59574	-0.679111	0.266917	-2.74599	
44.3452	0.337001	2.33139	5.36866	4.40818	-3.90977	1.15285	-4.60138	-2.98864	1.4573	-1.83615	0.0132955	4.32587	-1.52617	
44.8868	-0.0422033	1.34912	5.77512	1.47954	-0.0153217	-4.52819	-4.39079	-0.834692	2.55254	0.68717	-1.93868	-3.58856	2.76505	
43.9075	-1.60666	2.87761	2.69943	-0.919148	-5.24425	-2.14464	5.0014	-4.67374	1.68939	-5.85958	-4.05727	1.0625	1.18526	
43.6528	-1.8709	3.2283	8.50674	0.247056	-1.29097	-0.527833	-2.00271	-3.65167	-0.464212	2.59175	-3.92191	1.7193	1.66321	
43.8648	-1.00689	4.34341	3.45333	0.5152	-2.1409	-2.2592	-0.808068	-0.355622	-3.90642	4.26896	0.873692	3.3287	4.18111	
43.8135	-1.9976	1.19118	4.21082	3.71422	-1.28628	-3.15016	2.21788	-2.60734	-2.45939	-1.31794	-1.67314	-0.705865	1.094	
42.1191	-3.25285	0.453914	4.31578	2.85188	-1.84901	-0.0472629	-7.35386	-0.760475	5.09682	3.38379	-2.37437	3.68927	0.838291	
43.854	-1.08071	2.9564	7.40755	0.429195	-6.4222	-2.22844	-3.02901	-2.34456	-5.90832	5.28499	-0.071548	-0.80058	-5.17338	
44.0187	-1.41174	1.26941	5.70789	1.91078	-5.10285	-3.93344	-7.46992	-1.27295	-1.9659	-1.1975	-6.8568	-3.64861	-1.30379	
42.6137	-2.63123	1.89024	6.22369	-0.0490979	1.19505	1.22456	0.858068	-3.57106	3.46639	0.822296	-4.02617	1.91746	1.04281	
41.6689	-1.55443	0.491375	3.88466	7.69673	4.03812	1.8373	2.40997	-5.64606	-2.5274	3.07538	2.26435	2.34346	1.63284	
42.3056	-2.25647	2.0605	2.48866	2.18584	-1.13219	2.65472	0.178893	-6.74573	-3.56822	-2.22483	4.54374	4.068	0.177762	
41.747	-2.06586	0.19941	4.24225	4.36448	-4.64091	-0.227062	1.61001	-0.216331	-3.14137	-0.686969	-0.898481	5.13373	2.83315	
40.9536	-3.00022	-0.394578	3.0127	1.56401	-2.51828	-5.51819	1.10321	1.45657	-8.40985	1.23597	-0.280318	1.42528	1.02058	
42.7646	-1.73012	0.766126	5.02147	-1.64678	-8.18672	2.59793	-0.426035	0.770721	-0.93914	1.00078	-9.11665	-3.56251	0.476867	
43.6296	-0.955233	1.85754	8.55666	0.329764	-5.7828	0.448712	3.0006	2.60027	3.66133	4.18498	-2.83655	0.753914	-2.09733	
43.2553	-1.43494	1.66083	6.19073	1.14253	-2.67291	-1.18899	-0.717727	-1.83405	-0.738093	-0.0509248	2.90707	2.38682	1.31683	
41.8718	-1.84148	3.20743	2.42629	2.54791	-6.62652	-2.63316	4.4927	-1.8776	-2.96107	-3.30553	3.04708	3.91941	-2.62438	
43.8639	-1.83123	0.714453	4.8446	3.90609	-4.93993	-3.25057	-5.55714	-6.54828	-3.99001	-0.0996723	6.08506	3.90222	6.07339	
43.8332	-1.97368	2.61379	4.72961	-2.8843	-5.27087	-2.38924	-2.2148	-4.46269	6.91279	0.487609	6.24649	-0.883917	4.16486	
43.535	-1.87596	0.370174	5.47416	0.0519295	-1.45623	0.109612	-2.53247	1.37802	8.54331	0.854858	1.43579	3.21592	5.03047	
43.4219	-1.9687	0.00266486	3.50065	0.166322	-1.72633	0.0171609	-4.12051	-7.13413	0.656451	4.38415	1.33404	2.5979	1.49246	
43.7038	-1.36368	3.1557	4.14743	3.96385	-0.990581	1.81438	2.6497	-5.57185	-2.09447	1.98855	0.369453	1.80356	2.07858	
45.1107	-2.58113	3.62637	-1.16259	-0.87692	-0.714719	-3.35909	-2.00096	3.34832	1.70284	-4.65466	-0.0927002	-0.277319	1.74673	
44.3187	-1.60078	1.49288	8.00819	2.74312	-3.13053	-6.50558	-3.70981	5.69568	-4.70136	4.57181	3.79108	2.11565	4.14246	
