6.83929	-4.54504	-1.2483	-4.37686	4.95951	1.48262	-0.548336	-2.31165	0.354277	-0.322444	-3.41343	-6.29213	3.56277	4.16399	
21.2522	-5.66467	-3.93764	-3.78079	2.91749	-1.965	-5.2895	2.36598	-0.445646	-1.77312	-6.67472	-1.18146	6.21578	1.24601	
27.938	-4.70232	-1.6044	-0.992621	3.3752	-3.77628	-5.7364	-9.2371	-6.05983	-4.96456	-5.20605	-2.13681	-2.67435	1.97636	
30.2245	-6.41307	-2.98378	-0.525902	5.31368	-4.12899	-0.54578	-3.42159	-4.29148	-0.182085	-5.39838	-10.1324	-7.98136	-7.02018	
32.8252	-4.77675	-2.91434	-3.08642	6.57771	-3.83142	-3.93856	-2.1011	3.11559	6.42929	-1.19213	0.532078	3.04144	2.16106	
35.2073	-4.01113	-2.74867	-3.79603	5.24908	-2.95411	-1.27311	-2.2932	0.195575	6.58927	3.67511	1.58615	-1.72701	1.18028	
34.6289	-4.24612	0.903007	2.11057	2.2366	-3.73117	-11.0262	-4.33207	5.64506	3.32986	-0.478334	0.36209	0.992548	-3.07496	
36.5937	-2.51075	0.519791	1.98086	3.17349	-1.1291	1.95467	-3.31678	-1.05196	1.90437	-3.12185	-0.725528	0.962715	1.79552	
38.0296	-5.02617	0.911088	0.503066	4.16522	-2.66541	4.54537	-4.22808	-4.14495	-1.42835	2.02961	2.3071	0.756987	1.00354	
38.1512	-4.77096	1.92654	-3.03442	1.78063	0.489954	2.45494	-10.1386	-4.85019	3.62643	-2.00245	1.44671	1.38055	-2.0651	
38.2986	-2.84933	1.32691	0.697411	3.02154	-6.71924	-1.91745	-4.09214	2.39842	7.21294	-0.295849	1.8179	2.93286	-2.30731	
39.7132	-2.37774	0.92771	1.25569	4.67796	-6.37993	-1.42395	-5.76568	-3.06148	-2.6399	1.16662	0.661064	7.00912	4.43343	
40.332	-2.41527	0.772349	3.14484	2.00198	-7.14884	2.36889	-1.44259	-3.63985	0.977394	5.86084	1.87572	-2.70419	-2.03508	
40.6293	-1.23063	-0.0503933	0.00437805	1.97156	-0.436596	-1.53822	-2.96887	-1.58999	-0.567681	7.34722	2.35749	4.05358	-1.06564	
40.8401	-1.32977	2.36956	-0.240877	-1.23326	-3.27123	2.00517	-6.89567	-5.71046	2.32899	0.715817	5.0131	-1.78175	-6.68104	
41.1891	-3.22553	-0.278951	2.51162	0.954554	-3.40464	-6.96846	-10.7708	-9.11148	-3.20303	2.85143	8.08072	10.3752	7.14841	
41.0508	-2.34434	-1.05734	4.37264	2.54187	-2.89354	-6.31322	-8.38167	-8.15279	-2.76118	5.6647	4.70909	4.99118	7.6499	
42.187	-0.647332	0.610091	3.09376	1.32265	-4.0089	0.876019	-5.55457	-8.67171	-4.56708	2.49802	-5.37538	6.283	3.69063	
40.8116	-2.74401	-0.919105	-0.177208	-2.3649	-5.18665	-3.19697	-4.36458	-3.02847	-3.61573	-1.99551	-0.99853	7.2093	4.90877	
42.5421	-1.70081	2.19435	3.24914	-0.479781	0.94336	-0.539567	-3.78958	-2.35991	1.6119	3.48295	0.245327	1.71406	1.9795	
40.7877	-2.6326	0.886506	-0.479863	-3.01735	-5.06188	-6.32209	-5.17246	3.46436	0.257614	1.19448	3.25586	4.37963	-0.0915853	
41.5459	-1.96953	1.10939	3.73729	-0.538199	-7.26413	1.27909	-0.0711609	0.33378	-4.2705	3.2857	-2.28577	-1.39932	-0.420676	
42.1946	-1.83211	1.28052	0.301882	2.94064	-1.2211	3.27948	-0.760138	-2.74869	2.31457	3.40664	-2.94251	-2.72204	2.67175	
41.9663	-1.39801	0.452634	5.08806	-0.243526	-1.94442	-8.62152	-3.78709	1.24791	2.05249	6.27506	4.30817	3.12945	-3.65106	
42.9731	-2.7457	-1.32231	2.29144	-2.6258	-4.07092	2.07795	-0.348114	-1.83027	-2.91893	4.3304	4.71303	3.1636	-3.2893	
43.2675	-2.85481	1.98877	8.18866	2.48591	1.36546	-2.91368	-10.0518	-5.52742	-8.45824	-3.61044	6.3409	4.27077	0.588985	
42.933	-2.8013	1.46982	4.91639	1.91396	-1.01501	-5.92043	-4.77693	-7.95434	-1.19477	-5.16235	-0.80412	6.1307	3.83897	
42.7997	-3.16971	2.38362	4.24704	1.30022	-3.91254	-1.68563	-4.05427	-3.77236	0.868302	5.22065	-1.48682	4.20117	0.0224479	
42.6134	-2.71498	2.23673	4.74286	1.86984	-4.02286	-6.39229	-3.20754	2.22486	1.23643	-1.58598	-2.65147	4.0094	-0.667268	
42.8093	-3.95345	-0.597972	3.99564	1.30034	-4.47231	-10.808	-9.40791	-11.4906	-6.41669	-0.396928	1.69044	8.29067	-0.296941	
44.1009	-1.31051	0.0671007	6.24634	-1.08895	-7.69039	-3.03025	-9.62534	-5.42083	-2.92818	4.09465	-2.8102	1.14163	3.50828	
43.9512	-0.120529	3.16962	3.01745	1.73954	-5.78641	-4.52283	-3.72355	-2.94465	-3.16213	-0.632737	4.71928	-0.788915	4.90852	
43.3521	-0.931481	3.14926	7.12233	5.90298	-4.25651	-5.16255	0.637682	0.773309	-1.02569	-2.46372	1.48754	1.01754	4.50714	
43.7058	-2.55901	-1.04954	5.61589	3.59345	-2.04928	-3.80883	-1.22786	-4.0737	-1.47807	1.9196	2.06502	-1.70562	-1.52157	
44.1885	-1.10571	0.905001	5.61761	0.918772	-6.96893	0.775969	-2.41165	-3.53451	-3.93346	-2.3127	-3.19903	-0.35207	-1.55366	
43.219	-1.39394	0.533998	5.15019	3.56553	-5.13843	-3.45164	-3.69486	-5.22001	2.11723	-2.78108	0.0771814	1.1721	-2.06047	
43.7179	-3.7074	1.8584	2.47084	3.78263	-0.481068	0.92062	-2.59697	-5.21539	3.89912	2.33698	-3.29022	5.88031	-1.65951	
44.5732	-3.3731	1.41997	4.02373	5.85056	-2.40331	-2.59673	1.62627	-2.44704	5.64812	-4.45724	-5.67848	1.64232	1.80365	
43.9103	-2.0471	2.19119	3.22364	2.72827	-2.94603	-5.8861	-5.92187	-1.96344	7.23295	0.637935	1.89748	3.79394	3.84768	
43.8427	-3.77221	1.45549	1.51924	3.31792	-1.77465	4.21902	-5.30204	-0.145104	7.40181	1.39029	4.79274	-2.72037	5.41559	
43.058	-1.91818	0.216801	7.79089	3.88828	-4.60579	0.436988	-6.85757	-1.01452	2.63198	1.9933	4.15306	-1.11977	-0.461694	
44.2244	-1.10955	0.509508	4.56259	1.46633	0.681608	-2.20788	-8.54659	-4.20095	-2.38138	0.574342	-3.44604	4.66354	6.71983	
43.4597	-1.8772	0.124654	3.91986	3.96516	-4.40925	-1.48736	-5.46218	-2.37034	5.69453	-1.05355	-1.75517	7.44498	4.39459	
42.8617	-1.73493	2.04956	0.197647	1.26864	-1.68972	-2.01959	-3.59193	-0.898642	4.04855	-2.73651	5.85415	5.39239	4.32619	
42.0241	-2.89955	1.81603	4.46144	1.10853	-7.5317	-2.58449	-3.09094	-0.0222441	-3.71593	-3.40321	-0.578361	3.65902	1.91024	
42.7029	-2.68524	2.04879	3.05472	2.18735	-4.82478	-0.421053	0.00174724	-1.23627	-2.54079	0.671731	-1.93167	-1.38372	1.29391	
41.9218	-2.76764	1.00724	-0.286593	4.25821	-2.00289	5.47865	3.90458	0.340097	-3.46503	-8.34772	-2.91683	-0.463077	2.55659	
43.9756	-1.69325	1.97645	1.36475	2.07525	-0.740751	0.89296	-0.0979263	-5.4171	-2.29614	2.19286	-3.37306	1.09799	3.11381	
43.3883	-1.83553	-0.343181	3.21385	0.535402	-0.816925	-0.864581	-0.538456	-9.43684	-6.14009	3.7843	-3.15479	0.0393636	0.198873	
42.2545	-2.6305	-0.429534	3.75765	1.58106	-1.42115	-4.41857	-0.794011	-4.53076	-3.17794	1.93898	-1.26186	4.50735	-0.267352	
41.8369	-3.1379	0.435807	1.87831	-2.7228	0.835036	3.62453	-4.14947	-2.71678	-4.6181	-2.10679	-4.87038	3.56039	-2.65702	
43.6789	-1.26175	0.498544	0.489345	1.01376	-3.06185	-5.21549	-0.527343	-2.35816	-6.68852	3.59959	6.30449	4.63159	-0.102815	
43.8646	-3.16066	-1.40262	2.31249	1.03083	-4.10555	-0.259619	-3.2592	2.24355	0.709609	-0.517535	-0.81889	6.04921	5.01789	
43.7723	-2.45147	1.05295	5.78285	-2.58008	-5.30714	-1.8924	0.263687	-0.136126	-1.5853	4.24532	5.25453	7.38193	2.9219	
43.5401	-2.24888	0.793551	3.76529	2.06379	-1.84764	-4.76027	-7.39357	-1.6181	-1.03889	-3.6571	3.14435	0.693202	6.62384	
43.7332	-3.36029	-0.386227	6.40453	-0.18914	-0.303276	-0.261079	-3.49015	-1.69036	-2.97079	2.06341	-0.20042	-0.486891	-2.84426	
45.232	-3.79406	-2.23533	5.81581	4.16636	-0.85425	2.33726	-2.554	4.28203	4.96871	0.537031	-1.24182	-5.75961	2.35644	
45.356	-6.26064	0.954237	10.9749	0.567068	-0.841918	-1.92716	-1.67578	8.64207	-1.32229	3.87882	2.67643	-2.32043	3.41829	
45.8464	-5.51141	3.6719	11.2686	-1.33733	-0.728302	4.7639	-8.12331	-0.0547238	1.11189	1.59918	-2.39752	0.292115	5.05501	
47.0997	-5.82159	2.70894	5.72708	-2.83849	-10.8224	4.43856	-2.75362	5.23192	-2.94226	1.47674	-0.183588	2.05685	0.889537	
47.4897	-4.89984	0.54814	2.81156	-2.06872	-8.48762	5.02192	-7.95392	4.48638	-4.16838	0.509024	1.84719	4.29765	1.65516	
48.5643	-7.25172	-1.42799	7.48502	-1.43327	-2.21497	6.79191	-1.99083	2.72859	-4.72594	7.74912	3.15203	-4.48154	-0.999045	
49.607	-6.89531	-0.882812	6.68774	-4.55126	-1.4991	0.798667	1.69254	1.77267	-3.84747	5.5577	2.47623	-3.67026	-0.804703	
50.7465	-7.70005	0.477085	6.54012	-7.1746	2.60612	-1.84638	-3.68858	-0.870975	-3.94933	0.801657	-2.30377	2.24147	5.16611	
50.3657	-6.93768	0.0213139	4.33524	-5.35312	-0.618561	0.916261	1.82257	7.5515	1.25099	6.13693	1.67094	1.76179	-4.13333	
51.0376	-9.50389	0.398112	7.69148	-6.88994	-3.00893	4.62608	5.34842	3.6513	-2.25454	5.08918	1.67733	-3.86887	0.0370592	
52.1677	-8.24892	-0.438472	9.27732	-4.37457	-0.718798	6.53419	3.56071	-0.215807	-7.65293	5.92867	0.606291	-0.437344	-0.4785	
52.1467	-8.9006	-2.18725	4.91124	-3.14681	-2.76022	1.9393	-1.82702	-0.536123	-6.23296	4.92514	1.76637	-5.99064	-0.693357	
50.794	-9.7274	-1.03502	9.47283	-1.78236	-6.97524	-1.16051	-9.8649	-1.38692	-3.71832	5.83967	-2.0687	-7.10459	-0.554752	
50.9912	-10.4002	-1.53486	8.4547	-2.37349	-4.66788	-2.57806	-2.64835	1.17336	-2.17252	0.163534	-0.676485	-3.61632	-0.128055	
52.6883	-10.3964	0.434407	9.90813	-5.91957	-6.54682	0.659305	0.0819646	0.122628	-2.68446	2.57115	-5.13358	-5.46963	3.88831	
53.5414	-10.1121	0.395751	11.0725	-6.85981	-4.90786	2.06213	0.295978	-1.16456	-2.45101	6.61102	-1.75974	-0.974671	2.74158	
51.6049	-13.9167	-2.7389	10.294	-10.0942	-5.22948	2.90533	-2.41471	-9.2295	-1.07636	2.70239	-10.5268	5.97383	6.67333	
51.9767	-11.8499	0.784447	13.0416	-11.3041	2.5482	6.61523	-3.14761	-4.80623	-0.0817359	-1.37283	-10.8058	2.66256	4.5784	
53.6793	-9.14975	2.75258	20.7108	-7.78009	3.48423	12.7886	0.956125	3.15381	3.07144	5.50894	-5.01846	4.80646	-1.19623	
54.2281	-8.32081	9.89258	24.9065	-9.03139	3.75697	8.77687	-4.2196	3.06794	5.41981	2.44144	-2.23763	3.64428	-2.45368	
54.9451	-10.5061	10.6496	17.1146	-3.98088	4.83994	-3.92131	-5.14935	7.27706	4.69199	1.43089	6.50153	2.26606	-2.79102	
55.3441	-12.4917	15.0536	17.4171	-5.92137	6.41971	5.68144	-4.85371	3.11391	0.870344	-6.29243	4.99835	5.55855	0.367951	
56.0695	-13.8904	16.6167	12.4019	-6.17388	7.02895	3.31399	-10.0585	3.19745	4.86715	-1.98138	6.75761	0.0644428	2.22918	
56.0503	-13.0262	17.7786	10.5094	-12.2408	4.88903	4.56214	-9.95972	6.99015	0.589702	-13.2605	4.44248	2.24222	4.31158	
56.8757	-13.5466	18.9813	10.0292	-8.43236	4.08639	1.3002	-7.72206	5.27278	0.600523	-7.09936	4.36718	-1.50702	4.21166	
56.3421	-12.8627	17.1496	9.37785	-5.0393	9.18174	5.44851	-8.05984	-1.90477	1.63225	-4.90324	5.44444	-2.99941	1.42695	
56.3607	-12.0387	20.8586	12.4091	-7.94987	3.43221	-0.525539	-5.38243	5.71451	1.5578	-9.28342	4.08345	-2.42636	3.81187	
56.7111	-10.6457	19.0542	11.876	-3.87647	2.53989	-0.819301	-7.19623	8.7739	0.885963	-7.65944	6.83617	-3.50266	1.01592	
55.9927	-10.7276	22.4987	12.0218	-4.87053	2.92476	-0.279321	-5.93713	10.8158	-1.0327	-7.97943	7.30551	-1.93888	1.62398	
57.5086	-10.2415	21.924	12.1598	-2.10575	3.46445	2.21888	-5.49313	4.28916	-1.00722	-6.12633	5.39367	-4.36059	0.231202	
58.4341	-8.65122	21.2884	11.5297	-6.79812	1.13428	2.85495	-2.31995	5.42561	1.34825	-2.68837	2.93196	-4.21295	-0.328699	
59.6677	-8.64961	21.2051	17.0717	-5.36604	3.44168	1.45418	-4.91705	9.67534	2.34652	-4.75999	2.8638	-3.0379	0.803587	
60.5461	-7.57836	18.0229	19.4236	-7.05115	3.26483	3.77193	-6.93243	7.26768	1.61545	0.242207	0.812706	-4.12975	-1.87251	
62.5473	-6.6415	15.1958	19.4505	-10.2675	3.45992	6.15334	-11.0158	8.87145	1.30148	-0.122186	-3.13039	-4.51415	1.92291	
63.5433	-6.76568	12.5918	20.3829	-10.3119	0.607516	5.25211	-10.2246	4.75637	3.06474	-2.3182	-1.3311	-3.08364	2.88912	
65.198	-6.92672	9.73974	21.1604	-10.6572	-2.75711	7.97717	-8.43681	-1.64517	3.01269	-4.27914	-2.50336	-1.02503	4.20952	
67.5461	-7.40813	8.34146	20.8021	-8.92068	-4.7083	8.66963	-8.69477	-2.48521	0.156134	-1.74953	-2.56378	-2.46391	6.27207	
68.9768	-7.18893	6.48949	20.9105	-8.21235	-5.65609	8.3176	-7.03814	-4.47851	-0.397609	-0.987366	-3.21819	-1.47501	6.34253	
70.327	-7.65293	5.34836	20.6289	-7.38574	-5.12369	6.47503	-5.40797	-4.5455	-0.548981	-1.10755	-2.35819	-3.0271	7.1111	
70.33	-7.15486	3.61463	19.763	-7.39087	-5.44895	5.60304	-5.22382	-4.86904	-0.552358	0.780961	-1.29321	-4.78995	6.8334	
70.7066	-6.67422	2.71968	17.8992	-7.20321	-7.01027	5.88133	-5.18484	-5.5766	-0.266305	0.459225	-0.994239	-4.47988	5.474	
69.7656	-5.81409	1.29941	16.4777	-7.68447	-10.6058	7.97756	-6.37669	-6.49082	0.0831113	2.55008	-0.0653419	-6.52597	5.28138	
68.7391	-5.48279	1.04373	15.838	-7.57602	-11.1236	5.49162	-6.3772	-4.43771	-0.648893	2.58849	0.834002	-9.08553	3.77185	
68.2286	-4.96498	0.927812	17.7622	-4.82106	-10.1649	5.65882	-3.22989	-4.27912	-2.80683	0.763101	0.554092	-10.408	3.22644	
64.8294	-4.37797	2.11094	20.7732	-2.18576	-7.98042	2.96008	1.69507	1.95654	-8.25439	0.200423	2.01785	-10.8291	1.79497	
61.2056	-5.97379	1.0895	22.01	-11.3217	-1.74233	0.263517	8.37574	8.78337	-2.80543	-0.0421796	5.29882	-1.13917	-0.1447	
61.5413	-4.17532	0.649733	22.1799	-6.90144	3.35602	5.30374	6.07194	2.37643	1.01432	-0.255945	1.55251	-4.50528	0.330779	
61.5932	-4.35382	1.71745	25.4838	-5.10129	3.67247	1.88111	8.25553	6.07177	-6.04331	-0.486948	3.06574	-6.50583	-0.807102	
60.4887	-4.72932	-0.0761699	22.6587	-7.99272	4.31529	0.76272	7.33752	7.56183	-0.784168	1.67179	1.09174	-4.92605	-1.32562	
61.2142	-2.41364	3.24357	21.8744	-10.3938	2.06868	-1.66755	6.85636	10.4505	-7.48042	-2.0156	4.25117	-3.19995	0.507728	
61.1361	-2.25204	3.97128	23.7584	-10.5126	-0.918615	-1.39697	6.77278	10.8588	-3.17567	-6.55151	6.57021	2.85687	-1.90751	
65.4318	-5.18609	1.82898	20.2611	-1.04146	-4.50411	5.02843	2.64079	6.33915	-3.03886	0.946256	4.44733	-8.76356	1.17183	
69.5687	-7.24801	1.51495	18.1799	-4.46062	-8.72702	3.48576	-0.273756	-0.664175	-5.12432	3.26729	2.56282	-8.67328	0.284642	
70.2076	-7.48044	0.695811	16.903	-5.66993	-9.66847	3.05674	-1.24251	-2.34365	-4.38624	5.10933	2.85065	-5.33118	2.79319	
70.7697	-8.04141	-0.830303	16.0125	-6.07589	-10.6864	1.14969	-3.39935	-3.26831	-6.41056	2.79541	3.0123	-5.07179	3.24348	
70.6831	-7.80152	-2.03432	13.9105	-8.06167	-13.9231	1.23555	-4.64369	-4.45687	-4.20126	0.92319	4.45887	-6.77723	3.43457	
71.3509	-6.65499	-1.38408	14.5336	-6.3471	-13.2546	1.51888	-3.25143	-5.99807	-3.35157	-0.515763	3.07381	-4.53389	3.76101	
70.965	-5.65484	-1.21111	16.0374	-4.95099	-11.1391	2.55094	-1.85744	-3.01886	-2.74119	0.124999	4.79597	-3.44507	4.58595	
70.9979	-5.37621	-2.06893	15.7806	-4.04393	-10.5828	1.67692	-1.65517	-3.27504	-3.95961	0.0475969	4.66524	-4.26571	3.21144	
70.1946	-4.89957	-2.19247	15.1553	-4.64831	-10.2236	1.07677	-2.05638	-2.92761	-4.35036	1.1932	2.24178	-4.92511	3.53198	
70.5273	-4.7358	-3.28278	15.7036	-5.57854	-10.6356	1.08727	-3.24299	-2.92937	-4.7955	0.302435	3.6345	-3.94998	2.81524	
70.0593	-4.14276	-2.59499	14.5015	-6.8579	-11.0324	0.99549	-5.29846	-5.33942	-6.04985	0.0786757	1.33839	-5.00292	3.33022	
69.9572	-4.71007	-1.96679	16.0912	-5.06739	-12.7251	3.34129	-2.60644	-3.73627	-6.09348	-0.389247	2.44289	-8.87348	3.31774	
68.6515	-3.96318	-2.98801	18.1623	-5.53508	-10.3607	2.44137	-3.11652	-2.79048	-4.03067	0.233442	2.34529	-10.4876	3.55791	
66.95	-3.08465	-3.55692	17.4566	-3.7105	-9.60396	4.52239	-1.7736	-0.47978	-2.88489	1.5959	3.19108	-7.17551	2.11386	
65.5194	-1.47903	-2.37173	14.9244	-4.41968	-12.568	0.744004	-4.47573	-6.05382	-4.73944	4.94695	2.26401	-6.49205	2.1136	
65.3814	-1.17004	-2.55988	18.7866	-5.34516	-7.52944	1.29559	-3.38434	-3.66374	-8.93741	-0.239492	6.19084	-6.8371	3.96233	
63.8078	-0.134645	-3.49268	21.0707	-2.27893	-7.63831	-0.235314	-2.45248	1.65575	-8.0746	0.451509	-1.82118	-8.64431	-0.3567	
60.4416	0.0510505	-0.185587	17.8099	-4.30474	-7.54593	-4.13336	2.12713	1.63926	-7.74407	-0.713894	7.62364	-4.79332	2.86629	
59.3591	-1.53003	-1.31964	17.8481	-1.197	-4.21061	-7.35444	-1.77227	-7.1107	-3.06193	4.71817	6.51477	-3.2083	1.13117	
59.2299	-1.87057	0.016755	19.7957	-6.32976	-1.01563	-4.91772	-0.344752	1.12086	-6.21045	2.18954	-1.94833	-4.71716	7.09089	
57.5208	-0.680454	1.60447	15.3579	-5.02699	-6.14238	-3.26252	-2.15247	-1.24803	-7.25001	-4.31219	1.88867	-0.722031	5.59219	
57.9981	0.305185	-0.446142	16.6406	-1.59326	-7.68857	-3.68513	1.38839	-1.37967	-6.44887	2.0754	2.2121	-2.87309	3.51872	
57.4063	0.240053	1.16874	16.8755	-4.71213	-0.385607	0.774038	3.64326	-1.30467	-8.72884	1.49741	4.01529	-1.84704	0.791187	
56.9069	-0.826037	0.349392	17.4026	-4.59771	-4.09359	-2.42838	2.63472	3.82146	-4.30914	3.22144	3.96222	-0.961685	3.64876	
56.4109	-0.683833	-0.24209	14.2682	-5.63894	-2.0246	-1.60572	3.08148	3.48851	-4.64475	7.5051	8.2824	2.15369	5.83646	
55.1945	-2.15701	-1.70339	15.8454	-3.99497	0.780965	-2.1659	2.25578	-1.95969	-9.23345	3.66016	2.0801	-4.97534	-0.462048	
56.2559	-0.721536	-3.37123	19.7123	-4.85141	1.97954	-1.71658	6.59011	-3.42541	-4.94062	4.5378	2.94558	-1.8095	2.40798	
55.5168	-1.57953	-1.14444	19.7962	-8.23386	-1.72592	-0.0612086	7.00707	5.74124	0.700925	6.50522	1.98367	1.24499	-2.2534	
53.1954	0.329133	1.08806	19.4071	-3.57124	-1.63072	1.91494	7.92604	5.3115	-5.67715	1.56108	4.96368	-3.23727	1.91999	
52.6547	-0.290322	-1.33378	16.8243	3.34892	-3.22194	0.44484	1.98183	-1.06607	-7.83716	-5.02976	4.31957	-0.628216	4.99282	
52.7319	1.84316	-0.499803	15.219	-0.881166	-12.8642	-1.22546	6.2314	4.33272	-4.96491	0.987786	4.34087	2.8685	1.58685	
51.9422	0.956303	-0.398528	14.5863	-0.00691096	-3.9408	-3.76658	0.0213226	0.236578	-7.86719	-3.26427	-1.78686	0.328137	1.94366	
51.3274	-0.825007	-0.393676	13.2876	1.02583	-4.6406	-2.34692	-5.06477	-3.34056	-1.9827	-1.43233	4.40685	3.20318	-2.41252	
52.0688	-1.97294	-0.190699	13.0799	-3.15496	2.63688	-1.75923	-0.267613	-3.03449	-1.72284	3.33711	3.62641	4.38126	1.19885	
51.6865	-2.00004	-1.21673	14.0512	-1.7234	-2.81621	-5.57292	7.73526	0.200201	-0.943594	1.99902	4.58784	1.68455	1.9561	
51.4543	-1.71003	1.14521	14.5477	-0.0680282	-2.06924	-2.90656	6.63596	1.27749	-0.2414	3.77192	5.89885	0.390317	0.694687	
50.57	-0.984869	-1.95464	12.8967	2.13449	1.34288	3.23214	7.39894	9.59967	1.67639	5.55498	4.20082	0.889632	-0.658754	
49.6303	-0.110475	-2.6698	12.569	4.08101	2.13355	0.686292	2.5865	5.24875	-1.44014	3.44731	3.99355	0.53116	1.07737	
49.1761	-0.532189	2.01916	15.1776	1.22095	-0.699087	-3.97341	-1.85303	-7.16063	-1.48413	2.43936	1.61768	1.83445	3.74964	
49.4209	-1.03277	4.06075	15.8879	-0.918078	-11.715	-3.62121	1.2941	3.49108	-5.84901	-4.83409	2.37631	0.93118	0.0274135	
49.3484	-2.25401	0.191515	13.4866	4.0377	-5.49779	0.0068515	-0.541856	1.37366	-3.20922	-0.88166	6.3991	2.57213	7.21933	
48.6823	-0.410541	1.72279	10.988	-0.406539	-8.82011	-5.3417	-2.81037	-4.41575	0.807184	-1.82118	0.792307	3.77728	6.49124	
49.3971	-3.09244	-2.51372	13.6517	3.96026	-8.17688	-3.83265	0.285451	-1.72113	-3.25213	-1.57423	9.4415	6.76476	0.799744	
47.9647	-1.05829	2.53962	10.581	0.296906	-2.72051	1.50167	-1.01513	2.47402	-0.368497	5.53018	2.76361	-0.862105	-6.51878	
48.7355	-1.63943	1.17977	12.1925	1.02979	-5.35611	-0.918214	-2.22684	3.08636	4.84235	-5.25135	2.95767	1.63143	2.4878	
49.313	-1.7616	1.82705	12.5215	0.655129	-2.41746	3.82805	-0.62011	-2.59315	2.76546	-6.1137	-1.02934	-1.73248	-0.496969	
47.6576	-2.6376	2.091	12.8141	6.50741	-2.04016	1.06101	7.99369	2.06899	6.19476	-4.67003	-0.538894	2.37183	-0.53312	
47.1737	-1.54361	3.27272	10.0755	6.41411	-3.80581	0.338786	3.73959	5.02961	-0.0352072	-2.13873	-5.70237	0.255246	-0.500136	
46.2195	-0.854619	0.351881	5.22641	-1.19159	1.44504	7.37273	-0.624097	-1.66751	-0.369785	-8.24337	-1.36174	5.73838	-5.66879	
47.4187	-2.02912	1.80321	9.19614	-2.04215	-8.94414	4.0778	-1.67522	-2.70848	-0.434458	-4.49172	1.40911	3.61851	-6.2578	
47.0225	0.482944	1.31275	7.94772	5.09115	-4.78275	-0.182597	-4.74211	-6.99654	4.17032	2.21654	-2.44446	2.6359	-1.9148	
46.7383	-0.346551	0.900237	5.61939	4.00784	-3.5017	-4.33302	-1.72923	-3.84383	2.45372	3.96479	2.03425	5.99895	8.69465	
45.9041	-0.278557	3.92938	3.43266	1.93271	-2.93226	-2.19256	1.2737	-0.333136	0.222194	2.0197	9.84698	2.47211	-0.237312	
44.9634	-0.626571	5.17469	9.10029	-0.0725234	-4.72046	-4.40409	-1.02874	0.512085	-7.82164	-0.515519	2.82097	5.7053	4.01009	
45.0559	-2.19372	-0.16567	6.35868	3.82664	-2.77429	-3.43076	-1.46536	-2.89119	0.938506	-2.31767	-0.0555901	3.65534	3.22875	
44.6129	-3.2605	2.48992	8.06594	3.07955	-0.82376	4.02446	-4.93467	-4.19504	0.572591	3.0691	3.25932	-2.53554	2.61804	
45.4576	0.155566	3.25527	6.08004	-0.234176	-6.69984	0.0364839	-0.119865	-5.41631	-4.26286	4.4037	3.33188	-0.239118	-1.0045	
44.2664	-0.960975	3.07015	4.96212	0.702021	-0.118678	-1.92782	-0.617128	-0.648867	-3.77314	-4.18958	0.889364	-1.81295	0.967631	
44.7517	-1.7073	-0.463029	2.81973	3.31511	1.73779	-6.93171	-1.79754	-0.671045	-4.03968	-1.84541	0.779973	0.329023	3.33739	
44.9362	-1.46705	2.64609	2.64794	1.0556	-0.112139	2.31485	0.0569051	1.77652	-2.49684	7.17486	-3.61289	-0.912566	4.06495	
44.8589	-1.47908	1.93705	10.3038	1.15376	-3.66072	2.04431	5.53077	4.73462	-3.94592	2.5848	5.7145	-0.339885	0.495202	
45.1261	-0.481528	0.876369	5.69867	2.73961	-2.11043	-2.45555	-2.82717	-1.45929	-4.70383	1.04689	1.93356	0.368578	1.92738	
45.3383	-0.991408	4.28688	6.77915	6.01583	0.512414	1.51133	-1.24473	-8.14586	-0.296874	7.13508	0.967368	-2.46429	2.97052	
44.2614	-1.02737	1.12477	3.15975	-0.0459492	-3.17929	-1.39669	0.517508	4.30878	-1.66417	0.600915	1.58167	1.69042	0.50843	
43.6926	-0.959894	3.31381	5.19932	-2.2145	-4.27246	-4.82231	-6.22604	-3.50974	-3.65228	-0.885744	6.23825	4.15875	-3.37632	
43.3176	-0.878842	3.05507	1.06405	1.51067	-1.09232	0.0874689	-5.96572	-6.67113	-1.57818	-2.02442	-1.43994	3.00633	2.3072	
42.7457	-2.90826	3.85095	6.00877	-0.677734	3.85829	1.36826	0.0947382	-2.48907	2.075	1.9071	1.63767	2.90444	1.00653	
42.437	-3.49002	3.3353	7.83723	4.62442	-0.0892999	5.22273	-5.65443	-3.53714	-0.353946	-1.39122	3.06833	-1.09409	3.06151	
44.2308	-3.33555	1.50448	5.23896	1.57737	-0.772608	-3.47214	-3.04636	-6.44895	-3.51191	-1.38525	-7.02579	-0.774865	0.292853	
43.7272	-0.785194	0.708174	4.24044	0.572998	0.843005	-2.67687	0.855626	6.00253	-0.176834	0.521204	-1.41664	3.55254	-2.0178	
44.2047	-1.12907	-1.5539	1.82626	0.565952	-3.95971	0.171166	-2.88743	-0.817604	-3.92843	-6.25594	-3.73814	5.29497	-0.55504	
43.0402	-0.59773	1.67349	3.21711	3.61303	-1.83612	-0.419048	-2.57856	5.05622	-5.77438	-6.55801	-2.51028	-2.34296	2.07673	
43.4223	-1.9144	-0.204286	3.54009	0.790832	-6.07485	-3.67352	-2.83233	-6.72545	-11.2037	-1.04776	1.17199	1.98284	3.38268	
43.6055	-2.25137	1.00346	4.60488	1.36072	-2.26984	-0.0374884	1.2018	0.869855	0.589596	-1.80598	-1.20561	-5.61307	-0.414486	
43.3638	-1.85603	1.32708	1.5292	0.858688	-1.17725	4.5977	-3.46622	-3.15107	7.9308	1.05573	1.62689	7.76156	2.15539	
42.7412	-2.6754	0.795151	3.02154	-0.435599	-3.35985	-2.58634	-0.50056	2.05622	4.64728	-3.94848	4.13447	1.04928	1.54062	
43.2022	-2.71363	1.7146	6.0986	1.22326	0.017241	1.96445	-0.0220392	-1.6772	-0.818559	-4.56425	-2.87808	2.50375	3.08959	
41.3322	-4.26085	-0.204128	3.11844	-0.991213	-1.03333	3.7787	-2.27584	2.45111	4.51956	-7.38755	-1.3432	0.873842	3.11074	
43.3494	-2.36869	-2.38826	1.65303	-2.50448	-3.27144	-0.143047	1.42459	-1.00602	-0.279164	-2.80792	-1.03191	0.540677	-1.60775	
42.546	-2.79188	-2.3783	3.69803	0.787617	-2.5644	-1.57762	-1.48166	-7.28536	-2.25795	-8.0637	3.66064	2.33146	1.74592	
42.3151	-3.38601	-0.912895	5.93574	0.463609	4.08816	-0.771296	-2.37858	-0.979762	-3.6553	-4.75837	0.19444	3.88045	5.43664	
42.504	-3.21167	-0.522201	1.18985	-2.38672	0.384305	-1.5612	-6.31492	-0.453972	-4.16544	-6.08624	-1.46422	1.40213	1.14393	
42.6437	-2.65046	2.70948	8.00374	2.29901	-1.30783	-3.37026	1.43614	5.56824	-4.1478	0.93149	3.21591	1.06251	4.1945	
42.8198	-3.0933	0.498343	4.5993	5.26844	1.84071	2.57667	4.20556	-5.82324	-5.85154	-2.82795	0.443183	3.35391	7.26151	
42.5919	-2.04266	1.33339	3.63009	0.37601	3.39109	3.63418	-0.969349	0.00415594	4.70441	4.16772	0.886933	0.099384	0.863725	
42.7858	-3.03843	-2.86637	1.06885	4.9404	-4.36164	-1.89719	-1.17725	-4.69757	0.887799	0.180392	4.01329	2.76777	0.500499	
42.6678	-1.90281	0.799071	-1.33489	3.70146	-4.69208	-1.92792	3.98238	-4.74428	0.86356	-2.12888	0.838443	3.28226	-1.50406	
43.0616	-2.75152	1.37248	-1.4302	5.21375	2.9985	-4.42889	2.57988	-3.01068	-1.80458	0.394577	0.834412	2.30675	1.12766	
44.1436	-1.05134	-0.863409	1.85061	2.82146	-2.64577	-2.34523	-4.80856	-1.50923	7.1971	2.06528	-1.93158	4.73492	-1.32909	
41.7941	-3.19367	0.0530117	3.3519	-0.593072	-2.46171	4.00508	-2.6897	0.353792	4.68483	3.30328	-4.97786	-1.27159	-7.82508	
41.6464	-4.03138	-0.076367	4.73806	1.17284	-3.58759	2.52505	3.34254	4.04951	5.78642	0.257357	-3.16455	6.53583	2.47132	
43.1185	-1.6046	0.384288	4.37998	2.24791	-1.60479	-2.1636	0.831557	2.94074	4.92646	4.75745	-3.95301	2.88582	5.90245	
43.7826	-2.34725	0.259325	2.45185	1.03119	-1.75746	-5.27044	1.41049	-3.482	0.768973	0.96725	6.73151	4.87816	2.72582	
42.6885	-3.93639	-0.59057	4.15683	1.65043	-2.57763	2.65059	-0.0600308	4.29876	5.24216	3.78294	1.4051	-2.73397	0.0262611	
42.4578	-3.95908	-2.35171	5.72284	2.17224	0.199142	3.29435	3.6918	-1.88691	-2.82106	-3.81814	-3.85934	1.7032	-1.13219	
42.0345	-3.05715	0.46991	5.95576	2.77825	-4.7087	2.53299	5.78229	-4.25329	2.35499	-4.9833	-2.38957	3.35175	0.304789	
42.2075	-2.73178	0.0087573	3.60155	-0.521208	-3.64729	2.77862	-2.77496	-0.848171	5.11866	-3.7878	-7.33412	0.521702	3.84953	
42.356	-3.60822	-0.523601	5.31847	0.535251	-5.61401	-1.27699	2.34728	5.17169	6.71769	1.4187	1.19593	4.53412	3.96297	
42.5147	-2.50002	1.73756	0.595894	1.6254	-1.80116	-0.938899	2.73274	4.12729	1.8082	6.04942	-1.65488	0.162318	-0.229149	
42.8587	-2.5713	1.03848	2.83508	1.86907	-0.0993341	-0.842535	0.0992309	3.48732	2.26767	-1.28868	-1.64068	-0.783879	4.46094	
41.4086	-3.26634	1.29294	5.78231	3.44738	-1.1365	2.48012	-1.63624	2.35163	3.57429	-5.74812	1.45475	-3.39593	-2.03431	
42.8185	-3.56788	1.38653	3.75862	2.65939	-2.05919	4.51715	-6.09133	-4.20225	-3.49763	1.0793	2.2071	0.605328	2.3235	
42.3517	-3.81692	0.613252	5.11835	4.99163	-2.48882	-0.196401	-0.0308957	-0.503307	1.11938	2.36744	-4.19437	0.0885601	-1.1974	
42.7214	-3.66674	0.242856	1.72209	0.501599	-1.42969	-1.60047	-3.11161	-0.869147	0.71062	-1.3175	-4.4239	3.69866	3.62007	
42.8725	-2.33027	3.80162	3.87854	3.76013	-6.12576	-1.61206	0.715025	3.29616	6.62284	1.03363	-0.976902	-0.995538	-0.923643	
42.2512	-2.37253	3.03732	1.61074	1.61387	-2.84707	1.44897	-4.27044	0.626232	3.1929	2.42642	-2.3377	2.35594	3.75962	
42.127	-3.05788	2.83453	4.74878	2.0936	-3.19055	3.11844	2.30584	5.64804	2.96633	-6.09213	-0.347434	-7.02031	0.711574	
42.7299	-3.07244	1.41195	5.1905	1.03762	0.476177	4.3279	1.3727	-7.2319	2.4296	0.0748517	-1.63386	-2.20673	2.54685	
42.2817	-2.45052	1.43011	6.16455	2.44628	1.21059	4.664	-1.56699	4.69456	4.9411	4.22619	-10.0582	-8.44876	0.075019	
41.9017	-3.0749	-0.569442	4.14663	6.49241	0.909513	5.53406	-1.4134	-2.26364	0.000929089	1.40069	1.86057	2.11541	-4.91807	
42.8158	-3.92279	-1.24508	2.42683	5.06313	-4.91338	-4.88275	-3.41778	-0.423729	-3.40695	2.01686	0.573009	-2.33751	-3.08532	
41.683	-4.10548	0.446342	4.38456	-0.986506	-4.21194	1.32564	5.62512	-1.1992	-5.2157	2.24095	3.31006	-0.623761	-3.73278	
41.4752	-3.94688	2.75801	7.56871	3.62034	-1.2017	0.863246	1.46982	0.771112	1.50272	-2.07481	0.757492	4.75523	0.601856	
41.9533	-4.78332	2.35595	4.677	-0.839006	-1.8476	2.89968	3.53496	-1.01144	-1.35687	-0.863347	-5.19189	-3.66377	1.54418	
42.2087	-4.61879	-0.163363	5.43864	3.15386	-2.39577	-5.77545	-1.10797	-5.53763	-2.45089	-1.49142	-5.05576	-0.644983	2.05844	
43.0188	-2.86557	-1.37189	4.8168	3.60606	0.798506	1.91318	-1.86445	3.30055	-1.49319	-1.07128	6.92291	-1.13039	3.39993	
42.7848	-3.81471	-0.10606	3.38846	4.87176	2.67469	-0.00216402	-1.3589	7.18993	8.922	-0.0480774	6.36444	-1.2886	-4.42174	
42.163	-3.29197	1.41213	3.3954	3.29662	0.193507	3.45716	2.31373	6.2318	3.22378	-1.90441	-8.20137	0.666913	3.32188	
42.7024	-2.04971	0.588954	3.93224	8.61355	4.0834	2.66998	-2.15209	3.49734	-1.25177	0.741248	0.542402	-1.76699	0.285872	
43.0603	-2.75929	1.5801	4.2573	-1.48221	-4.06474	-2.05517	-1.35791	-1.27865	-4.03174	4.9026	-4.42202	5.02087	7.69072	
42.5572	-2.55022	-0.978836	0.307288	-4.38013	-5.9293	0.706694	-1.86247	-6.66115	-4.46678	-0.245151	1.80743	4.54091	5.11223	
41.5279	-2.99623	-1.36125	-0.573496	2.58655	-4.46504	-0.414824	0.414683	0.962513	-4.57232	3.77861	1.08487	4.32936	4.43862	
42.0981	-3.06711	3.36707	3.69335	8.16399	-1.15987	-1.61161	-3.30493	2.79697	3.49321	3.28203	-3.56115	-1.42799	2.09243	
42.2414	-3.65512	4.11468	5.61836	4.91322	-0.496183	-1.8749	4.17764	4.13795	-0.404598	-0.0831521	-4.53221	3.76174	3.5181	
42.6808	-3.78794	-0.370957	4.48469	7.21842	1.3707	4.204	2.33939	5.2997	-3.06896	-0.913947	-3.69746	-0.445949	-4.2082	
42.7198	-2.96122	0.870913	5.10831	2.04775	0.550171	-0.56032	0.189337	-3.25605	-1.72482	-3.13127	-3.71488	4.32542	0.265115	
42.4809	-3.27272	-2.0408	2.75042	4.55571	-2.43493	-4.55287	-1.2816	-11.1813	0.0460362	-2.86301	-4.09344	5.41884	3.70897	
42.0082	-3.04912	-0.398141	6.3887	8.45942	-0.312846	-4.41912	-3.22842	-3.52623	-2.17978	-3.10723	-2.39277	-0.505083	0.868701	
41.9576	-3.59625	1.23111	3.74206	-1.40472	-1.03351	-3.91927	-7.2005	0.433976	-4.14206	1.42068	-0.00239675	2.14989	3.14193	
42.0164	-3.51072	2.00647	3.57902	2.65214	-0.377271	-0.417449	-4.94023	-3.7002	-0.656528	-1.00667	-0.0569055	1.19389	2.10542	
42.7525	-1.70382	0.934657	6.05108	-2.03579	-5.21643	3.38053	-4.13666	-3.4244	0.754005	0.0907994	-1.60756	1.208	-2.84072	
42.324	-0.718039	2.8102	6.8762	2.82185	-5.50705	1.22333	0.602537	-5.222	-6.15274	4.39515	3.64454	8.14807	2.77136	
41.914	-2.26383	-0.710734	2.71852	6.00011	-5.63652	-5.56802	0.298693	-1.4299	0.801021	3.65159	-4.32819	3.65846	2.12702	
41.856	-4.16867	-1.32289	3.9183	6.69759	-1.64886	-3.00644	-2.81367	-5.88169	0.830655	-1.6291	1.90222	5.46859	-1.84026	
43.2254	-3.98948	0.462113	6.5092	5.55471	-0.232595	-4.94154	-0.25472	-0.523314	1.81268	1.18259	0.279387	5.85387	0.152493	
43.5567	-2.94445	0.224673	3.6175	1.69056	2.96011	-0.558982	-8.20363	-1.13506	-6.65458	-0.0947454	-0.444252	-0.855538	2.43093	
43.4277	-3.02635	0.334873	4.6638	0.661243	-4.66065	2.28338	-1.41356	-2.19809	-3.1098	3.85852	-0.292842	-2.63914	0.456872	
44.6096	-0.985127	1.0841	5.68597	1.71085	2.84727	5.71643	0.228018	-7.39098	-3.06399	-5.42034	-2.0261	1.77649	4.0183	
43.6464	-3.2911	1.2144	3.61476	1.68982	1.59333	2.16878	-4.72492	-7.67144	-3.73761	-2.70856	-9.51241	-0.149048	0.154785	
43.33	-2.21768	2.13611	2.90521	-2.60422	-3.79901	-4.33879	-4.21598	5.16004	-4.98132	-7.32507	-1.21349	-2.42068	6.18939	
42.2727	-4.4244	-0.694062	1.14588	-0.427791	-0.654046	1.34959	-2.13058	-3.26	-0.437645	-4.24814	3.20767	2.66231	1.66195	
42.9705	-2.48688	1.71469	6.39815	0.289593	0.863729	0.00969781	-2.50499	-8.81475	-7.93706	2.79344	-2.74232	3.94336	1.98357	
44.5125	-2.02902	-1.32687	4.74176	5.09436	-6.05998	1.69626	0.0658547	-2.34057	0.811593	-2.21561	-1.85117	-1.97187	-2.52626	
43.3812	-3.90709	-0.838125	4.21921	1.88981	-1.13308	-0.275523	-4.11969	-4.6546	-3.07922	-5.50116	0.248911	0.726462	0.47942	
43.0923	-3.71463	1.42634	3.84207	-2.12427	-3.05584	-3.83592	-5.79509	1.17207	-3.16669	-9.9113	-5.51728	2.53385	4.25569	
43.1075	-2.2951	2.83701	4.42995	-4.30427	-4.21049	-5.5089	-3.84958	-2.52141	-3.17563	-6.28257	-1.79604	3.32653	3.50271	
43.8794	-1.92605	-0.227662	3.20193	-1.04615	-3.23606	-3.36033	-4.46059	0.583343	-5.96635	-2.35815	0.188364	-0.417546	3.65961	
42.1681	-3.37554	-1.08476	5.76671	1.29488	-7.56717	-5.78656	1.75746	-7.99445	-4.60083	-3.11659	0.0912268	-1.65777	-2.10708	
42.8835	-2.84906	1.275	-1.0421	-0.33927	-2.89527	-6.6206	0.128838	-3.66032	1.42998	-4.92801	-6.39881	0.0351102	2.6852	
42.9595	-3.44273	0.914461	5.61743	2.69532	-5.38525	4.40567	1.7704	-4.5321	-1.82029	-6.96015	-7.94495	-6.04881	-1.35749	
42.2911	-4.53795	-2.75436	2.89036	1.63003	-0.762518	0.0336067	-4.99675	-0.677528	-1.65991	-1.46838	-3.18085	0.285434	1.00133	
42.8229	-3.37039	-1.33636	2.05184	0.200358	2.21082	-4.04619	0.879294	8.51348	-2.43936	0.432975	1.18258	-5.11817	-1.67497	
43.4711	-2.32708	1.8935	4.12522	1.69717	1.63627	-1.53399	1.10618	2.59969	0.269173	1.59204	1.43123	-1.76113	6.26818	
42.9687	-2.99154	1.29332	3.82747	3.96983	1.4204	3.04293	-0.497862	-0.511626	6.64221	-0.890824	-2.8393	4.47577	2.1009	
42.3384	-2.34755	-1.91374	2.68829	6.21542	-0.203464	0.394175	-2.99135	-1.54527	-1.63248	-1.01655	6.48202	6.3339	2.17298	
43.9314	-3.74344	0.185579	8.1377	3.97197	-1.12324	-2.15135	-1.88662	-1.56851	0.793889	6.30188	5.50184	4.61265	0.810025	
42.9843	-2.51749	1.40033	6.11359	2.19538	-3.765	-1.73309	3.00476	5.40865	4.25893	-0.708095	-4.37433	-3.36181	-1.24709	
42.7575	-4.33833	2.57701	5.58884	5.71778	7.39436	2.0534	0.793239	4.28791	1.72845	-0.28411	-0.401553	-1.30094	-0.999322	
43.3972	-3.22448	1.85673	4.84337	2.06106	1.26158	5.79123	1.37122	6.79343	0.737362	-5.35861	-8.21376	-1.09432	3.43783	
42.6281	-3.37207	0.819716	3.88305	0.443622	-3.83953	2.55818	1.61786	2.87369	-1.14618	-1.16697	-2.3851	-0.606347	1.5387	
43.8115	-2.02609	2.36457	9.25518	3.68566	-3.84746	1.9815	-0.406681	4.15488	2.65506	-1.61105	-1.89122	0.0260806	5.61656	
43.4207	-1.95199	-0.353518	3.41131	3.28742	-0.213262	2.65897	2.2038	-1.0263	-3.2007	-1.97875	-0.947143	2.42875	4.4685	
43.0769	-1.88858	0.438629	4.03526	3.17605	0.713476	5.45715	-0.806904	1.5354	-1.72128	3.28291	1.35899	2.34509	1.12904	
42.824	-2.29833	3.06339	1.94236	3.85557	-1.93824	-0.463579	-5.34211	-3.50116	-5.69873	3.00575	-0.269258	-2.70799	-1.93432	
43.5127	-2.33073	-1.06491	-0.834014	-1.00432	-0.151979	3.99036	0.176162	2.73499	-0.333087	6.11166	9.43181	-1.69256	1.67512	
43.5063	0.114395	-1.32414	3.57812	2.39935	-3.48807	1.95092	2.36045	2.3905	2.74821	3.97879	-1.35014	1.79039	-0.5722	
42.2511	-2.71606	1.65907	5.55575	5.14762	-2.04385	-4.47383	-0.66209	-2.87081	4.88678	5.93047	-2.29918	3.855	5.88108	
43.324	-2.37799	4.21448	3.69808	2.39123	-2.50341	-1.80368	4.959	3.73519	2.25268	-1.79222	-7.12359	2.71402	5.76626	
43.015	-3.88263	0.921765	2.66683	4.9308	-1.08326	-0.0820531	4.98951	7.42818	3.21952	-1.14467	-4.24081	-1.58907	2.56675	
43.1686	-3.49176	0.374434	3.23292	-0.386022	-4.35637	-5.03352	-1.17944	2.14594	3.7294	-0.889571	0.921365	1.02347	5.32471	
42.5327	-3.14332	1.305	2.99142	1.66384	-5.89835	-4.56809	1.38772	-3.90892	6.58958	5.54328	-0.91145	-1.03903	0.532905	
43.1067	-4.85566	-1.95901	4.91523	-2.34736	-1.3981	-1.31893	1.5448	1.81839	0.181413	2.24843	-0.150116	3.26536	0.00331277	
42.6382	-3.6393	-0.674179	5.8895	2.47937	5.03464	4.18173	2.63241	3.96145	3.35892	3.82946	-0.159928	1.90432	-4.24768	
42.62	-5.16589	1.73895	3.41715	4.7251	2.92666	2.04849	2.75556	6.06195	6.90258	-2.91427	1.37015	-0.0743859	4.72496	
42.1595	-5.22915	-1.09446	4.45435	2.6203	-0.601993	0.448757	-4.63984	-2.38521	-3.26137	1.5997	-1.6509	1.31433	0.0755342	
43.3815	-2.6721	1.4606	5.92753	5.59013	-2.3071	3.77897	-2.18811	-5.23156	-1.49896	5.83205	4.12072	-3.02624	3.85437	
43.0707	-2.87683	1.69077	7.32999	6.09266	-4.74162	-2.94205	-6.36087	-8.20892	-0.908157	-0.897696	1.91061	2.17855	1.74566	
42.475	-3.28614	2.31701	7.24612	3.01997	-2.7145	1.26739	-1.58998	-3.35271	3.69119	-1.21898	-1.30667	2.89337	2.79183	
42.3845	-3.81872	-0.705317	5.79913	-1.42079	-6.99295	-3.25191	-1.94681	-2.59404	1.92745	0.461985	-7.69173	0.798049	2.97817	
41.6173	-4.36996	-2.46648	0.258805	3.36407	-0.271472	-3.85624	-2.75315	0.47182	-4.80603	-0.617472	2.80093	4.2856	-3.78897	
42.3569	-4.16039	-2.59431	3.37173	2.30943	-1.72386	-6.23059	-4.24434	-0.503462	2.38611	-0.0871614	-2.39273	0.514594	0.804699	
41.6737	-3.95562	-0.22041	1.37476	1.43168	1.70833	0.997496	-4.00884	1.4107	2.48829	-1.70472	0.125402	-1.46275	1.76465	
41.3339	-2.93424	-0.130265	4.51567	3.24263	0.902841	7.4737	-5.07568	-4.96987	-0.34705	3.62877	2.85024	-3.19469	1.34575	
42.6755	-3.21191	1.10437	3.17773	-0.285743	-4.68897	-5.08215	-3.88886	-4.74387	-2.68478	0.532661	-4.63063	2.13862	4.29161	
42.3823	-2.58273	1.10412	5.6545	3.84994	0.450271	-0.545711	4.17499	-2.9735	0.202274	1.08582	-2.88264	-0.355108	1.97518	
41.506	-3.75576	0.0187825	-0.116714	2.03745	1.21043	-2.66365	0.184168	5.15064	-0.504276	-3.03021	1.41962	-0.84977	-2.79577	
41.8325	-2.04218	1.17336	2.66557	2.16754	-4.05338	-2.56108	1.74763	-4.95669	0.710872	2.45127	2.30107	6.64323	3.05303	
41.3006	-2.98353	0.510935	0.47998	2.16976	-9.42174	-2.49383	-1.35002	-7.39796	4.02385	0.88645	-4.52309	3.16442	1.63204	
42.3452	-3.42355	0.565146	6.82763	1.17372	-1.91913	2.82981	-2.70626	-1.96485	0.777181	-2.85171	1.5004	3.92477	-0.339039	
41.7468	-5.14379	-0.199035	7.31532	4.00507	-0.811574	-1.13306	-1.80282	-4.54991	-0.633921	-1.97879	3.21343	1.4961	0.91305	
42.0415	-2.97927	0.124163	5.0418	5.42046	1.3731	-2.90156	-2.34938	-1.96321	0.21912	0.743774	4.01962	-0.722565	-1.09886	
42.6529	-2.41892	1.01458	3.37677	1.93844	-0.496101	-1.64027	-2.67911	2.6452	4.60916	3.58746	4.7217	0.351979	2.58316	
42.6677	-2.48569	3.30526	4.41295	4.75266	1.20998	1.8937	-3.44874	1.27255	0.836509	-6.07254	0.370693	1.25676	-0.347352	
43.0147	-2.58039	-0.727503	4.37491	3.2904	-2.57295	1.43222	-3.28052	0.955191	-2.12355	-1.86517	-1.99774	1.30973	3.97145	
41.544	-4.45261	-0.23159	6.93554	4.6792	-5.35622	-0.051461	3.48598	1.41704	-4.5179	0.612696	-1.8274	1.81556	1.77854	
42.1029	-3.97361	0.544388	5.70937	-0.431827	-2.70837	2.42421	4.33369	5.04288	1.01138	-1.20735	-4.52569	3.71835	0.73388	
42.0232	-3.14379	1.70684	7.87613	1.81193	-6.07913	1.32493	0.010687	7.62506	4.98299	-6.14242	-2.92832	0.289381	0.543249	
42.282	-1.5643	1.0916	6.42861	1.56704	-3.7506	-6.96866	0.676305	2.95037	-3.52218	-3.04704	1.49584	4.51631	-0.548657	
42.0027	-3.57775	-0.953547	6.70394	0.98837	-6.6147	-3.11802	3.72946	-3.8606	-4.86722	-7.11312	-2.23226	-4.33884	2.51295	
42.2387	-2.1563	1.7876	2.34697	0.849672	-3.37739	-2.85839	2.14352	8.6934	8.71087	2.10575	-2.84691	3.44407	5.31591	
42.4442	-2.25643	2.59053	7.81567	5.77313	-2.81442	4.1701	3.70338	1.38554	2.16738	6.09531	-5.04554	-1.15392	0.660011	
42.4579	-3.71224	-1.38897	3.94585	1.607	-3.90794	4.42831	-1.36946	-5.90826	-0.0389793	0.0873512	-0.861615	-1.36581	-0.425119	
41.9894	-5.13553	-0.368614	4.36949	0.221214	-3.61515	-2.29667	1.79965	-1.16276	-0.137954	-5.01503	-4.94002	3.71661	-1.87687	
41.6101	-4.79182	-3.3142	-0.37525	-0.453219	-9.72541	-2.72691	1.88858	3.61388	0.807595	-6.85399	-5.51129	-0.0676881	6.42828	
42.6851	-2.93105	-0.278553	3.15973	-0.041601	-0.775627	3.72197	0.54626	1.92642	3.41525	1.05557	-4.99916	-4.44489	-3.56115	
42.5166	-3.13527	-1.11785	2.99329	4.32777	-4.00584	2.88998	1.37324	0.913863	11.5863	7.63033	4.42768	-0.513591	0.747224	
43.2169	-3.47408	0.520561	5.43487	5.11767	0.344083	2.33943	4.87611	3.99124	4.37802	-0.568279	0.925468	-1.57684	-0.0210448	
42.8218	-2.27762	0.993283	1.76128	-0.282907	-6.18367	-0.304317	0.644282	2.44346	1.06753	10.0033	-0.164904	6.09603	0.714894	
43.2794	-1.32946	-1.18351	1.90717	4.42107	-7.6503	-0.551178	-1.06657	-3.20142	5.97961	10.4002	-1.05954	7.45799	-0.495625	
43.18	-3.85478	-0.178951	1.48555	2.76546	-2.57092	-0.982459	5.47977	-3.64635	-7.27326	-0.270803	-2.66397	5.21928	-2.05116	
