6.63028	-1.10959	5.38954	-4.13197	-0.572685	4.72722	2.54293	0.604693	-3.26362	0.156454	1.23508	-1.59798	0.160234	2.3041	
17.8344	-3.96579	4.57713	-0.0428923	-0.130345	1.83941	7.92573	2.97765	-5.67156	-1.09546	-1.39573	-2.51473	2.62717	-1.17576	
22.7699	-2.62636	2.53786	0.756859	-2.81673	-3.49653	3.76383	5.39343	5.09523	1.46851	-5.34533	-6.45141	-4.84606	-3.20957	
24.7515	-3.08963	2.36383	0.987229	-0.772525	1.54193	-0.476942	1.07306	6.10762	1.65446	-0.557927	2.03753	-2.11184	3.05498	
26.8963	-3.64952	3.26303	3.61528	0.790775	0.0470599	2.14381	-0.150144	3.0223	2.6156	-3.04344	-0.463301	0.344745	2.4306	
29.8859	-3.57009	0.577231	0.664806	-4.2818	-0.329975	2.12116	-4.79853	0.0954859	4.28986	3.04104	-0.201435	-1.3009	7.2142	
30.7716	-3.13123	3.42441	4.75928	-3.05323	-2.93671	1.30511	-0.419423	8.7184	4.07982	-4.05178	0.471291	6.10533	3.14345	
31.4511	-3.30555	1.48617	0.823226	2.44697	2.30263	-1.2658	1.60484	7.14539	-1.97805	-2.86688	-1.19799	0.845883	0.300762	
33.0273	-2.09631	2.59987	3.94832	1.94158	-1.30515	-2.62407	-0.343409	2.68406	1.31029	3.87084	-6.00231	2.76967	4.72514	
34.3642	-2.13776	3.53395	6.11061	-0.987758	-3.08494	-0.628671	-4.92068	4.05442	0.870072	3.99628	1.51014	-0.502201	0.757698	
35.7174	-2.00941	0.106684	2.90585	1.18316	-1.03373	3.55921	-4.61627	-5.38881	-1.61561	1.01699	0.00151181	2.87184	6.64045	
35.9269	-3.74726	2.14127	4.60602	1.95028	3.84558	-1.68355	-0.31543	3.47355	0.293335	4.80331	0.55787	1.50495	3.73272	
35.7435	-2.05425	3.58491	0.620684	-3.53008	-5.40347	0.587051	-2.32889	6.06006	4.52441	0.106027	2.73668	1.10788	-1.00632	
35.353	-4.06854	0.753467	2.4355	-0.785801	-2.83463	-2.96044	-3.32662	1.32618	5.23419	3.76338	1.35456	3.22279	0.557108	
36.7361	-2.78445	2.4937	8.41165	0.906964	-5.69165	-5.55114	-2.27534	2.9649	5.22836	1.01319	-2.22096	1.46558	1.74481	
37.2597	-3.86674	0.921233	6.34961	0.755925	-2.07836	-1.924	2.97515	6.32803	3.35554	-5.15985	-4.73342	3.73843	1.0364	
38.4602	-1.81961	3.39669	3.81357	-0.597288	-2.46595	-0.967099	1.81405	-0.992226	-3.06987	-5.27443	0.90887	5.46958	-2.75921	
37.1596	-2.65163	4.92229	6.7126	0.798143	-4.7639	-7.59532	-1.90337	-1.42716	0.00506905	-1.27784	-8.14756	1.07006	4.00516	
38.5088	-3.14486	2.08878	3.11836	-0.203924	-6.58333	-4.74448	-2.40324	1.3021	5.41553	-4.86803	-0.503834	3.55439	3.40997	
38.5039	-1.81446	0.19894	6.6553	0.643226	-4.48113	-3.90673	-5.89823	1.49076	4.17678	-1.14875	-3.20343	-5.14642	0.960084	
38.3317	-3.86258	3.74753	7.28964	2.42678	0.1891	-0.453893	-1.51747	9.88077	3.94226	0.426332	-3.1478	-5.1275	0.729325	
38.7803	-3.50608	0.453221	3.73929	1.33481	-3.05517	-1.02809	2.43831	7.89833	5.95511	2.37326	-1.64167	-2.72118	2.8893	
39.6932	-2.73998	-1.09876	-0.0613843	-2.15656	-1.97494	0.976413	1.53641	3.29501	0.982519	3.55159	-5.54454	-4.24238	2.17347	
39.0034	-4.46802	0.0628942	-0.324493	-4.61738	-3.51815	-0.0579349	3.53263	-0.356344	-2.98945	-2.65435	-4.10955	-1.83129	3.99942	
38.9753	-3.65527	-2.58641	2.71794	-2.65023	-2.39732	-1.41383	-3.32208	-7.1048	-3.78343	-3.87112	0.722763	3.43757	3.96515	
39.1118	-2.81473	1.52429	3.67584	-4.66717	0.834246	-1.84188	0.906275	-0.66806	1.12566	3.14776	-1.368	0.6428	0.829822	
41.1356	-2.62724	1.08822	4.40128	-4.90993	-1.49054	-0.823327	-1.59703	-3.04067	0.241564	1.27006	0.945505	3.18173	2.1928	
41.5928	-3.02078	1.28376	4.24707	-1.86368	0.178795	-1.24083	-1.5552	-6.74509	-5.69992	-2.33486	-3.42125	-5.28384	-0.825895	
40.9026	-4.37888	1.99676	5.24629	-2.64536	-1.72667	-1.70646	-1.07516	-1.96256	-1.89739	-3.46282	-1.05314	0.0983836	-1.6641	
41.3158	-2.91158	1.72394	4.32672	-2.04932	-4.3317	0.32883	-0.939439	-4.10997	-3.09527	1.03137	0.954742	0.699687	-0.636431	
41.8116	-2.15383	-1.02682	1.80337	0.750759	-1.60003	1.65842	1.80353	-1.5124	2.37872	2.91622	2.23511	-2.47475	1.11128	
42.1295	-2.88762	1.22374	3.18072	5.43631	2.85111	-0.947201	1.89795	-0.954879	-0.477946	0.334108	2.07808	4.7628	1.3309	
42.5696	-3.37298	0.931728	5.84982	7.4163	-0.913627	0.0429792	0.0101651	-1.07222	6.95931	1.40817	1.75072	4.62671	6.33838	
42.2954	-2.54991	1.53619	5.93281	2.45116	1.00438	3.4491	-0.967771	6.35449	-2.92468	1.6771	1.32737	3.22924	-0.0316158	
41.4908	-3.64336	3.63139	7.32365	-0.803958	-8.40165	-0.550401	-0.629927	-0.370162	-4.0759	-4.79722	-2.90699	-2.34388	7.60966	
42.3283	-1.95154	2.56245	4.91889	1.60794	-1.44118	3.19024	-2.75464	-5.49829	-7.41489	-6.15296	-1.4485	1.80559	0.482482	
40.7683	-3.25344	2.51579	1.09228	-3.30518	-3.28654	4.27601	-0.00586062	5.18959	2.36017	0.775532	2.39453	-1.09161	2.98205	
42.1545	-4.31906	2.64254	7.42605	1.92181	2.87131	0.0209225	-0.444084	-4.29582	3.09394	-3.86555	-1.45961	-0.348257	2.0297	
41.9825	-4.10955	0.540579	4.91539	1.84666	-0.304691	-1.97777	1.56259	11.1434	2.21188	1.35722	6.61884	2.15672	-0.91937	
42.0725	-3.68099	1.00759	4.77619	-1.20284	0.408045	-0.040737	1.12751	3.23931	-2.62995	-1.08849	-2.78593	-0.533784	4.22548	
42.9308	-5.28212	1.62807	6.13744	-0.252696	1.33761	5.2581	-0.107563	4.97459	2.06966	1.16092	-0.0430537	3.28467	4.00926	
44.8206	-4.37153	0.410266	9.22739	-5.31114	0.498167	3.16486	-5.33807	-0.945953	-4.60366	-1.97958	2.94902	2.32224	3.50905	
45.1438	-5.25607	1.46943	8.7047	-5.9993	-0.930562	1.64518	-4.25841	-2.82851	-2.75077	4.6851	5.15754	-0.371724	-4.53005	
44.5229	-3.77825	1.99998	6.00529	-6.7595	1.10703	2.13845	-3.91418	-6.28833	-1.90665	2.15673	-2.17751	2.92487	1.19845	
43.9913	-4.60031	-0.00617848	6.09339	-2.76069	3.82057	3.76236	-1.71033	-0.664293	-3.8176	-4.78679	-10.9809	-5.2059	3.25929	
43.8091	-5.07882	0.362337	9.41551	-2.94881	-2.02243	3.68681	-1.29243	-2.55659	-9.8353	-8.71714	-3.54414	-3.06414	5.57084	
43.8949	-4.5211	-1.49626	8.04519	2.36951	-0.502213	5.01379	5.04734	-2.18611	-2.02546	-1.12892	0.709832	-1.68664	5.05232	
43.3118	-5.26458	2.36341	7.80767	2.03815	1.55475	0.605449	-3.53986	2.9482	-0.520662	7.78325	4.47964	0.72082	3.3591	
43.3873	-4.60569	0.760559	7.34789	-2.77096	-8.75676	-2.80564	-4.15411	2.57479	6.66418	4.49284	-0.705781	1.24044	2.3525	
43.5804	-3.13328	-0.893211	7.08612	-4.16697	-2.93097	-0.368897	-6.50909	4.36955	3.38091	-0.920694	3.4078	0.63569	2.4065	
43.6442	-4.57861	-1.49766	5.10191	-7.72702	-1.60352	-2.45304	-3.30136	2.92128	-1.51761	0.558059	1.06548	6.66307	5.5543	
43.4391	-2.4389	0.420667	2.42695	-6.7356	-2.10407	-0.885546	-2.75858	3.20611	-1.37871	-1.70779	-4.32705	3.39211	8.44673	
42.4568	-3.1302	-1.27649	4.16045	-4.12102	-5.39292	-4.07247	-4.2034	3.04419	2.16546	-2.74162	-1.04139	0.90735	-1.02937	
43.1111	-4.39864	-2.35655	1.19963	0.190928	-2.951	-3.81114	0.126832	8.1336	-1.13494	-1.15733	0.317252	0.0294212	-4.39268	
43.5338	-3.94067	0.974848	7.65435	1.89283	-1.83523	-3.64526	0.144181	1.99925	2.90002	-2.76254	4.21027	2.98841	1.75028	
44.2595	-3.90788	0.409441	6.27655	-0.154733	0.366918	0.00814902	1.78903	8.08381	9.70094	-0.952849	-2.02372	0.487271	2.20445	
44.1082	-2.70714	1.52134	4.4764	-1.0759	-1.4697	-2.86421	-5.157	0.329839	2.26329	3.80798	2.7833	5.62859	3.43074	
44.5117	-2.6845	1.44451	0.564907	-0.212008	-0.61	1.51691	-4.68346	0.833694	5.7309	3.36189	0.295442	-1.29174	0.607448	
43.2201	-5.61921	1.00037	-0.427197	-2.36414	-7.36301	3.25403	-5.28772	-0.172435	-2.07946	0.198091	-3.46622	-4.30843	0.438169	
45.6878	-6.69304	3.50443	5.39749	2.58711	-3.37192	1.39239	1.47635	10.215	-4.90269	2.60094	-7.33778	-4.37198	5.90745	
46.7804	-5.66253	3.63579	1.84134	2.35534	-4.01425	3.74354	-6.20367	3.09671	-0.368018	-0.0806805	-2.39078	-1.45931	3.30255	
46.9989	-7.82978	3.74049	0.927535	0.974678	-4.97762	2.18946	-7.42223	5.03299	-9.00263	0.137719	3.10013	-2.16	1.03217	
48.597	-7.35288	3.66224	-0.910302	-1.29592	-4.05354	1.71418	-5.92899	6.86166	-3.30136	-1.42643	-4.74282	-0.340124	2.07256	
48.4406	-7.82681	2.53822	2.83059	-2.43931	-6.85416	2.67067	-4.07197	-0.7275	-7.68305	-0.163188	0.435454	7.10999	6.34393	
50.3726	-7.60746	1.06632	2.97528	3.14113	-4.54995	-1.03603	-5.54965	-0.840954	-7.10659	0.494162	-0.35314	0.981068	5.82266	
51.8228	-9.18066	-1.98819	0.974654	0.841874	-2.05429	-0.0595834	-4.89332	5.06289	0.930026	4.26593	1.35934	5.31912	2.8744	
55.4108	-6.86946	-1.26464	-0.552627	-0.843601	0.155806	4.15637	0.251849	1.0597	-0.403766	-1.23384	0.0312528	-0.421483	-3.08092	
55.5476	-6.65281	-1.24425	-1.6789	-1.68495	-3.30101	4.20725	0.061266	1.11499	-3.37709	5.30916	-0.347466	1.99351	6.22985	
56.5979	-4.42251	-2.60926	-1.51589	-1.37756	-4.23198	1.57438	-4.06238	0.49756	-3.36989	4.95695	-0.909853	2.23245	-1.06221	
55.0689	-7.37089	-2.66346	-0.744234	0.0126159	-4.58702	-2.36858	-5.14518	4.66516	0.455258	3.33633	-3.3791	-0.0255339	0.314364	
56.5705	-7.12363	-2.78338	-0.272331	2.05932	-0.0743736	0.946508	-3.93428	7.69756	4.3069	6.93346	3.40858	4.08893	-0.210173	
54.9528	-6.39206	0.796599	-4.34905	1.11989	-0.223335	0.73733	-3.79445	1.38451	0.709564	1.4576	-4.55809	-2.71983	0.977884	
52.8011	-9.18044	-2.99441	-0.19208	-1.12396	-1.46513	6.79162	-1.94049	-0.155427	-1.1599	2.42735	2.40279	-3.3796	0.374245	
53.3139	-8.97439	-1.07554	-1.81022	-1.79255	-2.79041	2.69102	0.0567531	1.06309	-5.47311	-1.92016	-0.726654	-0.303701	4.03975	
55.5699	-8.52533	1.16686	0.969449	0.784761	-5.11833	-2.72905	-1.94669	-0.635306	1.25377	6.15027	-2.81682	-2.69689	5.78884	
55.6429	-7.15505	5.85343	4.19792	-0.994789	-3.53266	0.631005	-0.685871	1.22693	2.40923	4.51414	-4.15075	-0.249699	-0.693807	
55.2679	-9.52345	1.43874	3.85082	-3.53937	-5.73165	4.02619	-3.20887	-6.93698	-2.42922	2.52673	-9.32014	1.7314	1.68728	
53.3462	-10.7476	4.76485	6.35659	-9.50041	-4.30655	3.3072	-1.68015	-2.39254	-3.34825	4.13423	-8.07518	0.95691	1.21187	
54.6065	-11.8989	5.8852	10.0759	-11.6759	-3.18109	10.9151	1.45228	9.24783	-7.6342	8.54224	-5.40848	-5.55972	6.19445	
56.4853	-6.32217	11.549	18.2187	-4.85353	0.309195	5.51649	-7.02597	2.19527	-2.1424	6.61125	-5.06756	-2.06286	6.01697	
57.3518	-5.50793	11.7012	16.883	-8.55188	-1.04378	12.9161	-7.35774	-1.98952	0.592095	2.41284	1.31415	-2.36267	1.4972	
57.9861	-7.76216	14.1463	13.977	-7.91862	4.62887	12.2332	-4.62833	3.76277	1.52223	6.48416	2.70707	5.01898	3.82824	
58.1482	-8.36782	17.2294	12.7387	-7.64436	6.19249	6.8843	-2.64425	5.2446	4.06685	7.8319	4.20536	3.14627	4.00738	
58.6673	-9.68935	20.3889	12.4457	-7.27265	5.61621	5.60961	-1.51472	3.87151	1.09835	3.2821	7.28411	3.37652	2.68247	
58.2034	-10.0955	20.4447	11.4347	-6.37487	6.42779	6.15699	-3.1786	2.38706	4.03148	1.09683	9.01369	-0.796791	1.83761	
58.46	-11.2723	21.772	11.4292	-4.26745	5.06518	2.48774	-0.036085	4.29345	3.21756	-1.22413	9.89891	1.978	1.20661	
57.8352	-10.7964	21.8895	9.08317	-4.31961	8.76097	3.40699	-3.38585	4.11188	7.29965	-1.51986	4.13469	-0.325052	3.1601	
56.8253	-9.38559	18.8314	11.2163	-1.45513	8.12976	3.8909	-2.96323	2.88252	4.21798	-1.02704	6.92829	-4.17233	2.87046	
56.6813	-9.51059	20.6252	9.17568	-1.24986	7.61656	3.60484	-3.36446	2.39774	5.25718	1.30291	11.4384	-3.43539	2.62846	
55.5635	-9.59251	21.0471	8.16047	-1.78617	5.53911	-3.67635	0.829143	11.7718	4.14642	4.24154	9.00174	-5.43599	1.46012	
55.531	-9.94	19.7913	8.76595	-4.2701	7.75675	0.762707	2.00396	4.5429	2.9365	2.06412	2.307	-6.73166	0.938135	
55.0415	-9.67041	20.0247	6.1953	-6.92151	8.49757	2.41184	-5.18018	1.89991	-0.0980426	4.53818	2.53101	-4.89873	4.42552	
56.0833	-10.2217	20.2859	6.6694	-6.49696	9.77719	3.17583	-6.56904	9.38208	3.29235	2.01242	1.94321	0.577469	5.34637	
58.4801	-9.77714	20.6977	10.0091	-8.51969	5.51505	6.75265	-5.23146	7.48752	-3.93108	3.27561	4.26296	1.89979	0.438271	
61.2443	-8.05328	20.0719	11.1398	-6.36099	3.5053	5.28525	-6.57298	7.90111	-5.39784	1.35802	4.59733	-2.92683	-1.40063	
64.3555	-9.05554	18.1014	11.7012	-5.92208	4.01089	6.48518	-8.26231	6.3725	-3.54021	-1.58929	0.838548	-2.91751	-0.489142	
66.1837	-8.82045	16.8852	14.2595	-5.03219	3.01686	7.6042	-8.84751	4.98097	-3.64673	-3.8238	-1.47877	-5.80997	-1.74338	
67.9502	-8.22613	15.0211	15.3905	-2.46783	0.453666	9.55352	-7.52748	3.5439	-3.52001	-5.87731	-2.95616	-8.26434	-1.43742	
70.2926	-7.10882	13.5012	15.6126	-1.82488	-2.68114	10.0577	-7.18618	0.633284	-3.8445	-3.75762	-5.07093	-7.27653	0.0285158	
71.365	-6.04268	11.394	14.6202	-1.75964	-5.73358	7.40556	-7.83891	-0.76119	-3.49879	-2.59791	-4.55356	-5.17666	2.53711	
72.389	-6.23419	8.90942	13.3488	-2.18048	-9.01641	3.33619	-6.96543	-2.31824	-4.23432	1.03558	-1.20462	-1.85951	7.8564	
73.2646	-5.92428	7.08493	10.6983	-3.91136	-13.4443	1.55789	-8.07707	-4.12862	-6.9768	1.33903	1.11803	-3.99516	8.89727	
73.2636	-4.96711	5.62037	9.40528	-6.53094	-14.6024	1.78939	-6.21424	-6.97973	-4.3395	0.736408	0.363093	-4.1534	7.82316	
73.1174	-5.72239	4.18892	8.46275	-6.45015	-14.382	3.27455	-5.56408	-7.1594	-3.95346	0.664795	0.819806	-5.43891	7.94247	
73.1616	-5.45777	5.00024	9.41888	-3.54973	-12.8479	4.74285	-4.45447	-5.04432	-3.64407	0.145956	1.18809	-6.90314	5.43594	
72.5938	-5.30418	5.16744	10.2484	-3.74655	-11.8596	5.84104	-5.86301	-4.32908	-4.38816	0.592978	1.53732	-5.63512	4.4482	
72.0887	-5.62045	5.60472	9.45506	-2.06731	-13.6909	4.05168	-5.91808	-4.79965	-5.40427	0.860147	5.81036	-4.45117	5.49681	
70.4693	-4.57337	6.43646	11.2122	0.399746	-9.94757	2.19769	-1.70442	-2.2491	-6.52828	0.503178	5.48891	-6.44283	2.83359	
65.7407	-5.13884	5.17979	16.3782	-1.03319	-5.34038	-3.82744	-2.05209	-0.345153	-6.23322	0.000378116	5.7873	-3.51114	-1.54108	
64.5597	-5.60941	6.4454	19.0343	-7.98613	-1.01717	0.169964	4.60452	6.05117	-6.96835	3.20286	9.46143	4.18099	-4.12652	
64.1803	-4.07745	5.77949	19.3688	-7.03743	-0.69494	-4.32971	3.27102	5.42333	-10.9898	0.050868	4.01956	1.69059	3.91556	
63.9042	-4.20977	3.33041	18.2152	-5.09031	3.80341	-5.53704	5.63736	0.702644	-9.93799	-2.16041	3.07607	1.11123	4.45822	
64.0504	-3.75665	4.40671	20.7891	-7.84647	-0.0558491	-6.20642	4.58348	-1.15579	-11.398	0.628533	2.0647	-0.337854	-1.09093	
63.8849	-3.58219	3.14064	17.9277	-6.1375	-2.76315	-7.43596	2.11055	-0.646778	-12.732	0.0638797	5.59618	2.89437	-0.693688	
64.4422	-4.47159	2.72721	14.3719	-2.29444	-3.10372	-2.42311	0.644391	0.147253	-6.8446	-0.30483	3.02826	0.243633	-0.518583	
68.0871	-4.07041	3.61027	13.3251	1.6448	-9.95147	1.5752	-3.34285	-2.58142	-6.10758	0.965196	5.31445	-5.42781	3.38974	
69.521	-4.31836	5.16308	11.854	1.32072	-11.2524	2.95482	-3.13369	-5.83791	-6.10457	1.00041	1.30749	-4.12636	6.11089	
70.1426	-4.85659	3.9015	9.87844	-0.236195	-12.4921	3.9132	-4.64348	-4.36474	-1.46555	2.74671	0.613695	-2.94167	5.31013	
70.0295	-5.46009	2.53744	9.46516	-0.473685	-13.3213	6.02375	-3.9769	-3.17697	-3.00134	1.84953	2.61268	-2.3633	4.9025	
70.675	-5.13044	3.02672	8.81157	-1.50626	-14.0055	3.5004	-6.45621	-5.47968	-3.34817	-0.455904	2.7101	-3.11558	5.251	
70.2092	-4.65419	1.86604	9.23447	-0.798775	-11.8918	4.19081	-3.10442	-4.50816	-2.70911	1.74348	3.19637	-3.22085	6.16993	
69.6874	-3.19131	0.87719	10.0136	0.914459	-13.4038	1.65845	-1.62934	-5.42173	-2.9837	1.96101	3.50912	-3.39231	5.63012	
69.6772	-3.50164	0.556328	9.74864	2.97982	-12.7715	4.77298	-1.94313	-2.39671	-0.751289	2.54361	3.36735	-3.7273	3.37828	
68.9367	-2.38271	2.02476	9.65514	0.545376	-11.5546	1.31963	-4.07876	-5.92232	-2.02325	1.7015	3.36751	-2.72422	4.53495	
68.4083	-2.5583	0.0120608	7.71892	0.382801	-12.4098	3.02497	-2.01839	-3.07765	-1.10535	3.38376	4.95741	-4.09457	1.82326	
67.6698	-2.31159	0.33171	6.62943	-0.181814	-13.9848	2.22267	-4.7446	-6.90799	-1.30954	0.703997	4.13432	-3.26537	4.05767	
66.9243	-1.34556	0.158627	9.14289	1.353	-9.48391	4.23289	-0.323527	-1.32586	-3.88847	-2.10672	7.04353	-4.0285	1.54981	
67.3269	-1.71904	0.664888	9.48341	-1.02711	-10.1139	2.00872	-2.45396	-2.02559	-4.98735	1.02107	2.75798	-5.79687	2.9724	
67.2171	-1.5761	1.20671	9.1561	-0.958017	-12.7372	1.09062	-5.1092	-1.9463	-6.26262	-0.369937	3.57483	-5.67585	3.95929	
66.2385	-0.914742	1.65477	10.2412	2.8543	-11.5997	0.577152	-2.37186	-3.71299	-5.05839	-2.71224	0.0940051	-5.02384	2.11196	
64.5993	-0.426885	1.86157	11.5803	4.23394	-9.02431	-1.26848	-4.36094	-2.87475	-6.77457	-5.0474	1.1065	-6.27111	1.23593	
61.1388	-1.11546	0.406982	15.965	-2.91746	-3.36704	-6.4394	-0.300289	3.76696	-6.64244	0.175422	1.63596	1.20872	0.0237796	
60.4754	-0.758259	3.11233	18.5221	-6.67552	-1.11646	-6.809	4.56688	-2.54514	-7.11215	-0.173448	5.48075	0.654779	-4.9615	
59.479	-2.326	1.89576	17.0062	-8.35891	1.28375	-2.06361	5.96679	6.83893	-1.87523	2.33172	3.99498	3.42997	-7.25011	
59.65	-1.47761	4.13463	18.2397	-7.41743	-4.70177	-3.3247	4.37746	1.94311	-11.1819	2.13091	3.37237	-0.514295	-6.61029	
59.1494	-0.877044	3.00196	16.9024	-4.03926	1.43002	-6.59353	1.96384	2.75185	-10.4383	-2.57306	4.61668	2.51212	-3.87614	
58.7751	-1.16619	1.65659	16.0381	-6.34887	-0.352383	-5.71453	3.56297	1.18328	-9.26577	2.95021	4.58238	0.548145	-1.24397	
58.3629	-1.09881	0.944958	14.7158	-7.08242	-1.30283	-4.15795	-1.56796	-1.56243	-7.82692	0.622658	0.189141	1.64926	1.23194	
56.9256	-1.27102	0.848762	15.8737	-6.88892	1.44226	-6.84394	3.73529	-2.58093	-4.42046	4.19833	7.47099	0.656262	-1.39618	
56.609	-0.000397305	2.84213	14.2711	-3.11703	1.74312	-3.29927	3.44675	-1.68676	-8.77924	-2.68398	2.21184	4.25598	-1.66353	
55.6207	-1.40861	1.7239	16.4651	-4.81302	-0.302445	-4.40006	7.50791	7.16923	-3.36737	1.82273	3.75484	-2.46949	-3.12873	
55.8068	-1.11887	3.40438	18.6973	-0.164796	0.200553	-5.22792	3.81305	-1.26081	-7.04714	2.78415	8.72804	6.65063	-1.49592	
54.2173	1.4508	3.14901	18.3048	-0.817833	7.13872	-1.22094	7.77294	4.63246	-5.24091	0.749372	-1.7326	-0.54829	-5.18001	
53.62	0.752183	4.60133	15.9133	-6.97116	4.8009	3.25712	6.37586	2.33264	-6.98987	-3.31804	-1.37347	-3.7062	0.394734	
52.5694	0.56933	4.62943	18.8602	-0.944887	-0.392424	-4.38403	2.27516	0.283575	-3.90628	-0.66435	-0.184575	-0.489549	-1.05663	
51.9538	0.422161	1.42441	13.5588	-1.49987	-0.286014	-5.10887	-2.23201	0.884118	-9.59084	2.4741	6.5129	0.342523	-3.5527	
50.8996	1.84709	3.76689	15.9785	1.48347	-3.86363	-7.35322	-3.63092	6.23946	-6.14864	0.119313	-1.60803	3.7032	2.04917	
51.4192	2.02513	3.44891	13.321	-2.35467	-6.27155	-2.66811	2.6177	-4.39973	-14.0341	-4.38572	-0.144756	-0.571853	-3.79568	
49.9235	1.6796	0.194323	11.2922	1.79155	-3.35713	2.52811	1.29992	-0.835523	-6.4934	-1.03773	3.13576	3.94951	-2.57854	
48.4022	-0.508745	0.306304	10.5947	0.179481	0.651868	0.845468	5.23772	-2.54757	-5.4276	-2.01078	-4.16926	-0.556517	5.6631	
48.7373	1.78228	1.18806	13.0574	1.16216	-3.06835	4.67614	-1.30173	-7.58187	-7.8534	-3.40292	1.42467	4.71164	-2.01187	
48.7309	1.14877	2.95509	15.8555	-0.788297	-4.80093	-0.41598	0.746781	-3.26315	-3.70124	3.46665	4.5091	4.99654	-2.63735	
48.8539	2.14933	3.56648	15.6376	3.68034	-6.36212	-2.00681	0.87795	-5.4052	-6.5181	-3.36591	-1.10553	5.10559	9.12064	
48.1985	0.0888866	4.21804	12.7777	0.700944	-9.44677	-2.4293	2.58929	0.50358	-5.82208	-0.320961	0.52793	-0.259758	0.845427	
48.1886	-0.817968	3.83499	10.6285	-4.01891	-6.60308	0.393587	8.50988	-4.71391	1.87664	-3.32447	-1.5247	-0.0861274	-1.0386	
48.0603	0.80007	2.72651	11.9648	1.71283	-3.41289	-6.75253	-1.62789	-2.87871	-0.173706	-1.23688	4.43162	-3.4677	-2.10717	
49.8074	-1.38099	1.70283	11.9767	5.30401	-5.3833	-12.5802	1.43984	0.879087	3.75452	0.142428	5.79957	4.3043	-1.49113	
48.5837	2.27754	4.37922	8.40055	-0.268008	-4.15278	-5.06742	4.41547	3.57939	-1.75605	-5.66286	-1.56191	2.52656	-0.564386	
46.6895	-0.583081	3.21831	11.223	1.66898	-2.25892	-2.10727	-0.521691	0.279901	-2.5383	-6.88267	4.07466	0.717444	-3.32106	
46.809	-0.942963	3.81689	9.40157	2.40211	-2.86528	-3.59812	-1.78737	-7.50937	-7.9925	-3.77089	3.77614	2.57096	-0.355253	
47.1138	-0.400139	3.00379	10.5553	-0.586064	-4.1122	-0.090412	5.13311	-6.90899	-8.06528	3.69509	-0.310146	-1.19855	-5.73298	
47.0258	1.76034	5.70533	6.39248	-1.18526	-5.0192	-2.86437	-0.245983	-5.57007	-3.07151	5.87449	3.7772	-6.28735	1.61629	
46.1758	-1.8159	1.559	2.91842	-0.720026	-3.90695	0.31093	-3.22518	-6.86483	1.08502	0.984024	0.0178109	1.26913	4.72751	
45.8027	-1.69142	3.0744	3.09348	-0.319213	-1.11522	-0.493308	-4.70216	-5.75256	4.06386	4.51288	-3.24471	-1.30774	3.01425	
46.2115	-1.26529	3.63618	6.98602	2.52812	-0.973506	3.05191	4.66002	-1.55312	-6.18622	-2.77153	4.40226	0.36448	3.3924	
45.6329	-2.25205	2.77742	6.7035	1.34346	0.102701	0.471413	-5.06583	-3.91569	-1.74509	1.50109	3.82815	2.03603	2.39111	
46.1388	-0.39531	2.69934	6.04002	3.0089	-8.42165	-5.77833	0.613415	-1.57136	-0.279887	2.43804	5.39686	1.31125	2.53002	
46.8843	-0.364934	4.82261	12.2419	2.50091	-3.51119	-3.53362	0.246524	-0.720688	-0.220816	0.844635	2.62846	-0.39633	-0.467943	
45.9152	-0.0108598	4.54213	11.5836	4.58437	-4.83096	-3.02171	-2.08733	-4.53039	-0.482225	-3.03471	-2.45932	-0.304012	3.63334	
44.5587	-1.69814	1.15381	7.90424	3.87103	1.50201	-1.04939	-1.55187	-6.6954	-10.9604	-2.9126	-3.40833	6.79675	0.0247993	
44.6844	-0.604001	2.84508	6.54205	-0.253217	-1.68221	-3.15443	-7.06379	-5.87311	4.24056	3.98852	1.75651	5.78406	-2.13328	
45.2196	-0.657123	4.78991	6.10201	-2.04862	-4.86855	-2.67029	-4.84786	-6.3257	-5.1134	-2.44419	-6.62395	1.22616	-1.75414	
45.5426	-0.773264	7.37442	3.49686	-0.770865	1.4608	-2.41262	-7.25007	-3.04579	-2.37883	-1.98074	-2.24039	-2.81332	0.907501	
44.9982	-2.53827	3.63259	9.31158	1.48733	-5.6105	-3.65695	-6.7363	-6.25262	-4.90367	-1.10983	0.166562	-0.113104	1.63906	
44.8519	-2.92211	2.89957	8.77197	3.7585	-3.43594	-2.76761	-1.48586	-4.29023	-0.685267	-3.9537	-3.09211	6.06888	8.04044	
45.3992	-1.82825	2.10035	6.20277	0.198328	-2.97536	-0.813378	-6.2513	-4.88578	-2.82762	-1.45459	0.615182	5.87791	4.78686	
45.2743	-1.1552	3.57511	6.33022	-3.21231	-5.84612	-1.94758	-1.76581	-3.0475	-1.8846	5.58306	2.58472	1.32399	4.66031	
43.3678	-3.52449	3.70961	7.92866	2.82462	-5.12229	0.757663	3.68973	1.7182	-5.46992	4.32079	1.43051	0.775875	0.972843	
45.0965	0.277211	4.72928	5.30926	0.0718983	-0.245429	-1.20332	-5.45444	-10.5354	0.619489	2.25632	-2.71748	1.77594	1.15023	
43.3175	-2.24809	3.25374	2.7165	-0.132775	-4.28446	-6.0511	-8.3312	-4.2562	0.925395	0.867275	1.06198	-0.994244	1.70737	
44.544	-0.522351	4.41367	5.22451	-0.149699	-4.01664	1.72455	-0.753015	-7.09941	-6.5426	-2.15201	3.77719	3.8264	2.09891	
45.1583	-2.0616	1.9876	1.87031	-1.589	-1.46716	4.49373	-0.272648	-4.12469	2.01491	6.31737	0.764055	0.108158	2.24135	
44.2813	-3.47757	0.583099	5.56355	0.338969	-0.00309684	4.85227	-5.1789	-3.45359	2.57361	1.17896	0.70172	-6.75796	-0.0973583	
43.6091	-2.18465	2.79828	3.40354	-0.106639	-7.02601	1.55995	-0.10245	0.983174	1.50889	0.172111	0.9192	1.43467	-1.08787	
43.8408	-1.72389	3.13466	4.909	1.5053	-7.11731	-4.73383	-2.25613	0.250598	0.988552	1.82175	3.75013	-9.78629	-2.06672	
43.8414	-2.36972	2.45283	6.91729	6.30005	-2.80949	-2.33602	2.20507	-0.0813509	-0.831287	0.712263	-6.60259	-5.48979	-4.53651	
42.8812	-3.11271	0.645675	5.46926	1.85812	-1.78233	-2.62623	-6.89465	-5.07169	-3.50217	3.34879	-3.73556	0.803959	-0.776107	
43.7211	-2.26458	2.54264	4.44367	-0.234694	-2.07923	0.875453	3.72319	-4.09734	2.32351	2.82702	0.0488756	-2.52814	1.24848	
43.5029	-2.10262	5.51956	2.31375	4.30077	-2.26554	2.38457	1.97439	-0.271737	1.55084	-0.425769	-2.96136	3.18506	4.84232	
44.1001	-2.88726	3.73054	3.50233	2.76051	2.17432	3.00671	1.16437	3.60555	-1.98651	-2.31761	0.45575	2.31247	0.956445	
43.5222	-1.80717	4.8953	3.439	-3.48218	-0.07539	0.475718	-7.96132	-2.3001	7.00696	2.78875	-0.298125	2.10037	4.41714	
42.8718	-1.70389	4.54901	5.67127	2.43088	0.236781	-3.3665	-5.81935	2.46955	0.451607	3.63914	8.26897	6.58073	4.55221	
44.006	-2.71847	5.19141	4.73876	1.61339	-7.28222	-5.82833	-1.82684	1.73097	3.97866	-2.52221	4.24249	1.33435	2.25321	
44.5054	-1.0785	3.43	3.87379	-1.04158	-6.18722	4.05202	3.04348	3.72926	-1.92556	-3.92833	-0.46073	0.784501	-4.9079	
43.7786	-2.02137	3.02051	8.35288	-2.74908	-6.35261	1.68722	-3.76586	-0.694923	-1.94344	0.44354	-0.831883	-2.21471	0.857141	
42.7579	-3.12697	1.90844	6.16083	3.76945	-0.119152	5.1593	-4.30078	-5.84377	-5.27128	-2.94009	1.7426	-7.1126	-1.18793	
43.5299	-0.616166	1.70144	7.68814	2.38113	-1.32788	5.08109	-3.7164	-0.787735	1.61373	-4.04967	1.17079	0.743345	8.32034	
43.7855	-2.27122	2.31099	7.65405	1.92657	-4.9197	0.00574816	1.3972	1.02275	3.13955	2.16824	-2.02295	2.9663	-0.959066	
43.1969	-3.89882	3.26856	5.93237	-0.975639	-2.56299	-5.11944	0.0557707	-0.86502	-1.09037	1.73721	3.02038	1.18592	-2.28554	
43.8431	-2.91754	2.50709	4.80578	-5.09511	-0.632787	-0.368391	1.36934	-1.71554	-3.99877	-7.60933	-7.76166	-3.18343	-1.39076	
43.708	-1.02407	0.194367	6.31234	-1.64813	-3.96172	-0.0500791	-0.549829	-1.73943	0.472623	-2.28787	-0.315919	4.84527	1.91735	
44.1812	-0.412162	1.91831	3.12407	-3.48441	-0.726234	-4.45864	-3.27242	-1.75432	-2.25515	-5.60033	-6.7141	-3.3301	0.99179	
43.0782	-3.54957	2.05585	4.33381	-3.84311	-4.01936	-6.72668	0.19076	0.16579	-0.657874	0.18868	-5.52759	-4.34039	-2.68561	
42.2161	-4.82446	0.375468	6.49401	2.33595	1.11333	0.0673081	-2.08699	-0.900347	-0.439717	-3.66771	-3.21316	-1.76624	-3.88019	
42.26	-2.18928	3.77445	3.73572	-2.25251	-4.08034	-0.945401	-1.10861	-0.393093	1.20029	-0.241828	-4.12379	-3.45548	-0.558285	
42.8581	-1.01214	3.09004	4.97805	-2.86439	-0.0579959	6.94254	1.56068	2.74733	3.05581	2.98452	-0.488857	-3.69251	0.863109	
44.1847	-0.13901	0.764671	3.81476	-4.19302	-2.39277	-0.349231	3.10034	-1.31671	-1.88208	-1.58849	-1.67508	-7.27158	1.50541	
44.2714	-0.0290795	2.20461	6.20591	0.524744	-2.17175	-1.44083	2.09492	4.51082	-0.627637	-8.44642	-1.33108	-3.68142	-2.24401	
43.4712	-1.32084	2.55681	4.07757	-3.90293	-6.01187	-1.08994	0.196031	6.33915	3.48468	1.21394	1.50176	-0.753951	2.39758	
44.4006	-1.19155	3.49958	5.70884	-1.95385	-3.69783	2.60711	0.993514	-2.60709	0.0807245	-3.25172	-5.86127	-2.6169	0.660616	
42.8529	-0.646966	4.50262	4.67512	-3.87011	-0.234018	3.57962	5.8918	0.813188	-1.92979	2.8328	0.799113	-6.72628	-0.0253119	
43.3279	-1.39641	2.89727	3.38914	-2.82031	-3.15988	-2.20775	2.37531	1.40442	1.83512	4.5054	0.866136	-3.30379	-3.03173	
42.7865	-3.09051	-1.27237	6.29666	3.47769	-0.83808	-2.33589	-5.91977	-4.00039	-2.54401	-4.32509	-0.355511	1.29036	-0.383467	
44.0141	-2.44482	-0.233074	4.20352	0.276075	-2.5326	-3.74324	-5.38052	-10.2541	-7.85696	-5.92163	1.75121	5.53406	0.653689	
44.3739	-2.77473	1.5739	4.34488	0.618765	-3.28204	-0.912081	-4.99423	-6.75211	-4.15689	-6.2604	-0.618123	-1.05195	-0.336936	
43.5603	-1.18308	1.51401	2.76981	-1.99003	-6.07388	-1.00591	-2.28344	-1.47429	0.288733	-1.47325	-1.57217	-3.12566	0.564612	
44.059	-2.25298	3.92406	6.69759	-0.337662	-2.79941	-3.93013	-0.796912	-2.52262	-4.41364	0.882681	6.90918	3.10843	-0.513354	
43.5638	-3.4759	3.5328	7.91175	-0.320286	-1.12561	-2.17319	-4.22063	-2.76703	-0.331091	4.39783	3.42215	6.59201	5.43498	
44.6594	-3.25535	2.03808	4.11781	-0.152577	-0.596305	-3.02851	-0.318934	-0.321165	1.68412	0.261156	0.642526	-3.13013	3.24288	
43.8582	-2.85	1.08692	1.03117	-1.94019	-3.55545	-3.59176	0.194971	10.4628	4.36683	-1.40696	0.320471	-2.19317	0.727513	
44.1345	-4.68971	1.26328	2.25637	-0.742183	3.81969	-1.2012	-5.42344	1.1442	-5.62691	-1.69109	3.05217	-7.06042	-2.7144	
43.9579	-6.40215	1.58236	3.32551	-3.234	-4.47843	-4.91103	-1.25189	-3.58911	-4.36652	1.24523	-0.0556318	-4.51969	-0.121156	
43.5414	-4.90496	-0.806571	3.93837	-0.670283	-1.98901	1.36136	-6.42146	-2.9725	1.52866	3.13441	2.01987	-2.54404	-2.54709	
44.415	-1.78708	3.23336	2.99512	0.0983894	1.59763	0.205439	-6.08986	3.27567	0.758066	-1.68321	-2.16487	0.909408	5.55426	
44.992	-4.28154	-1.02111	2.71298	-3.03776	-0.513968	2.29966	-1.19352	-2.40819	-3.40401	-4.46326	-0.138122	2.76655	4.03687	
44.7488	-4.3732	-1.0462	4.06258	-3.85038	-1.45831	0.409008	-6.97105	2.5042	-1.32027	-3.74994	0.716654	-3.22163	0.283628	
44.3057	-4.30089	-0.103329	4.62112	1.29582	-2.32189	0.674628	-3.11296	-0.4073	-7.25042	-0.786411	-3.49177	-0.411757	3.97631	
44.6836	-3.36231	0.128493	2.84873	1.8739	3.2304	1.39551	-1.8449	-0.665317	-3.67644	-4.81675	0.432344	-1.17309	6.5093	
43.4999	-5.0353	1.56613	5.64232	-0.444338	-3.26215	-1.20703	-6.25452	3.68232	3.78804	0.585003	-3.25874	-0.366897	4.735	
44.952	-4.22707	3.26651	8.35204	-1.06221	1.02926	-4.32676	-1.82317	7.36851	-1.30408	-6.33454	-2.38352	-8.60155	-1.45955	
44.7446	-3.27737	3.25495	6.69062	-1.43897	0.0870214	-8.30762	-6.28638	0.911113	-1.48209	-2.0669	2.21494	-0.787349	-3.31997	
44.2338	-3.27707	1.95957	8.11626	0.718807	-1.69315	0.597158	-2.76587	2.43661	-0.795531	-7.81716	0.569785	3.47153	6.05273	
44.0414	-3.85107	0.0297642	8.41215	1.57209	3.36445	1.1024	-3.46953	1.09343	0.876065	-2.63149	-3.164	2.45079	1.88841	
43.9079	-3.1194	-0.165667	1.94346	-1.16485	-1.81763	-5.80324	-6.34261	0.572941	-5.85981	-0.894777	3.89953	5.85516	3.91966	
44.0525	-3.83296	0.302428	4.49789	-0.73636	-1.01832	-2.6544	-7.10043	-2.76094	-5.17444	-4.11767	-4.94192	5.19347	0.292902	
43.235	-3.84103	1.1234	7.44992	2.8725	1.57327	4.01521	-2.89723	-6.24839	-4.7179	-0.860635	-2.15529	2.80559	1.58228	
42.4693	-4.003	2.27453	6.55579	2.76103	2.12311	0.299147	-7.4914	-10.1248	-0.300715	3.74999	3.46536	0.725987	-4.00952	
43.0899	-4.01607	3.82231	7.22242	-3.22379	-1.8784	-3.93415	-1.94331	-4.97791	-1.95168	2.23688	3.39118	2.2129	2.31318	
42.9192	-2.96641	5.58191	6.66693	-3.45233	-6.24897	1.88515	1.44703	-6.87295	3.03303	0.0725142	0.883926	1.26607	1.17917	
43.9584	-4.10409	-0.0130223	5.65948	-3.21078	-1.62034	2.55252	2.57264	3.1079	3.71605	-2.16759	-2.55736	1.79554	1.15983	
43.259	-1.73129	1.54026	8.60349	2.85378	3.08841	4.01243	-1.08779	1.02383	-2.21653	-5.85689	-2.80758	-5.43003	0.349861	
41.7813	-4.62624	1.60473	3.9848	-1.37479	-3.49993	0.762413	-1.87975	-0.514854	2.03204	-3.85106	-2.74577	4.1551	1.31978	
41.7362	-3.66708	-0.161585	4.7643	1.57301	-6.45092	2.86773	0.707914	1.55703	-0.315264	1.95509	-2.26999	4.94669	2.54259	
41.4849	-2.94467	-1.6702	2.69117	0.942888	-2.76898	-2.38973	-1.16668	0.84673	4.69564	-0.91413	-7.54184	-3.11672	3.72344	
42.8351	-0.904643	1.04317	3.71342	-0.191817	-0.664356	4.88437	-1.04983	-3.22482	5.29345	3.66272	-6.93247	0.279654	3.3891	
42.8984	-1.69787	1.45377	5.97002	-1.90746	-1.13357	1.36403	-3.26803	-1.32283	3.66196	-1.01192	0.357454	8.09516	4.35063	
43.0083	-3.01099	-0.312169	4.11019	1.63983	-2.1468	2.35549	-4.20121	-2.3014	7.52542	1.55697	-0.0873043	4.97365	1.92193	
42.5851	-2.44808	1.68515	2.61022	0.548479	-0.179403	0.0168204	-7.96636	-0.06183	2.61466	3.5315	1.02292	0.509788	0.413255	
43.2776	-0.692924	1.44763	0.115836	2.46337	-7.29598	-2.45448	-0.0317445	-3.95941	-1.0064	2.20629	1.71568	-1.49927	-1.44495	
42.6587	-1.44882	3.60738	3.79951	0.577547	-2.5553	-1.22587	2.0087	-2.56257	-4.01838	1.10332	1.30338	-0.532788	4.57683	
43.3421	-2.5559	0.109157	4.85232	1.93907	-2.30168	4.747	-2.33986	-0.374486	-3.14522	-1.84936	-1.06877	-1.11708	-2.98334	
43.0449	-3.84553	1.36436	1.77597	0.425717	-0.320244	-2.87739	-4.69462	-1.28601	-3.22124	-0.995093	-0.182662	2.3187	-0.639274	
43.3578	-2.34719	0.972819	-0.156008	-0.981577	-0.301721	-4.39334	-7.05674	0.728147	-0.575137	1.42397	-0.789166	4.63536	1.44028	
42.0838	-1.34107	1.12406	5.06813	0.281964	-8.81135	-2.7636	0.879975	2.41654	-0.986504	5.48018	2.48814	-1.57008	-3.61855	
43.1222	-1.24526	1.58983	6.95147	3.80035	-4.62824	0.246943	1.80667	-0.598777	-4.51737	-1.2706	-2.33303	2.13447	-1.21953	
42.4224	-3.59487	2.44237	7.77294	5.67698	-2.96234	-0.802182	0.664801	1.05995	0.678644	-1.7999	1.74604	-0.672361	2.28667	
43.071	-1.2633	2.6955	3.53541	0.107259	-0.328005	-0.248979	-1.68233	0.876445	-3.08642	-3.86863	-3.19914	-1.31674	3.91522	
42.1565	-2.12751	1.24761	2.37362	3.76295	-6.4788	-3.71115	-5.07744	-5.51107	-2.25311	2.6288	3.94542	4.99858	4.87375	
43.7928	-1.88392	1.34911	1.11839	4.45593	3.72853	-5.51688	-3.64799	0.184555	3.79974	0.184655	3.01165	0.901129	1.03951	
43.1715	-1.6366	3.1793	5.09197	-1.16063	1.4057	-4.38566	-4.61781	1.46837	-2.18874	-4.93447	2.02388	1.82532	-0.868004	
43.2047	-1.63554	4.70917	5.06693	-0.603043	4.48444	-5.47693	-8.10914	-0.685146	-7.1882	-7.93787	8.54588	5.75848	-0.810277	
42.3089	-3.00408	0.693483	4.16111	-0.424427	-4.12393	1.33222	-8.39525	-3.40152	8.31201	5.86017	4.98349	-3.05904	0.0842669	
42.2478	-3.56151	3.33609	5.56605	-1.15702	-2.21641	-3.08929	-6.11812	3.41093	1.85061	-5.27233	-1.98276	0.923984	0.382816	
41.8984	-5.47437	1.61221	6.43873	1.19325	-2.67784	-8.80261	-4.97818	2.93608	3.36404	2.23716	2.05231	0.0540752	1.67064	
42.4895	-3.94353	2.15333	3.69379	-4.83422	4.29805	2.53323	-1.39115	-2.60743	6.70728	0.236237	0.758623	2.15605	0.588413	
42.7062	-3.59966	4.76122	6.81483	-0.679011	-2.32303	7.19725	5.98725	-0.913844	3.17264	-1.14231	-0.833	-1.61736	-2.03442	
42.5821	-3.31792	0.8334	4.23677	-0.527668	-3.82103	-0.750574	-4.86925	6.02628	0.28304	0.85214	3.36527	1.94976	3.64219	
44.2414	-2.6387	0.71511	7.70574	0.0721433	2.56124	2.76077	0.522133	0.339875	2.49287	-0.269047	-3.29277	-1.42597	1.77046	
42.7181	-2.70623	2.12675	4.55815	-5.50668	-0.576073	-1.54848	-3.48136	-6.22534	-0.923615	-6.45055	-2.31827	-0.595274	-0.233455	
42.928	-3.27983	0.544495	5.65339	3.77351	-2.3306	-3.66906	1.1933	2.30151	-0.117817	0.20365	-2.08624	-6.43455	-1.2433	
43.0847	-3.68098	0.965146	2.59684	-4.36921	-0.590537	2.4033	-1.47922	1.79139	-0.465907	-2.57549	-12.4329	-2.26637	-0.182573	
42.6385	-2.24187	2.71989	4.45229	2.96571	-4.66298	-3.24089	-2.85258	-2.51407	1.68277	-1.27457	-6.25317	0.215543	7.38062	
42.983	-1.40211	1.55451	3.00296	1.93654	0.345216	4.09953	1.40937	1.56369	7.2353	0.38493	-3.89546	-2.7721	1.62452	
43.5952	-1.07602	4.19998	1.43941	0.446314	4.11569	3.12995	4.56627	3.13459	8.95584	4.11897	-5.03522	-4.58666	-4.26816	
42.6134	-2.31605	0.0779333	-0.0798921	1.0275	-3.92363	-2.72403	-0.289266	3.04002	1.56496	1.27084	-2.58101	-4.13476	-1.73924	
42.2204	-2.2047	1.76337	2.67879	-0.520695	-7.12282	-2.86151	-3.4224	6.65623	7.05357	4.18184	0.416877	4.17221	2.67134	
42.5854	-2.11755	-0.487457	0.105645	-2.07683	-5.02768	-0.0251668	-3.11241	1.15512	-1.24521	1.5271	-0.319507	4.07511	2.52136	
43.4227	-1.85872	2.53153	3.32442	-0.398657	-2.90519	-1.26293	2.84779	1.73522	-0.871995	-2.29422	0.943337	-1.57758	-0.606596	
42.0416	-0.993019	3.11221	6.00567	1.20879	-5.34586	4.48878	-2.8235	-1.24546	1.0007	-6.09729	-5.11921	-4.61925	-0.0269188	
42.665	0.0121734	3.32275	5.96441	-0.000757134	-7.93088	5.64722	-2.83403	-4.99782	3.73959	2.42519	1.49157	-2.61926	-1.2791	
42.8282	-1.19749	0.295554	4.10938	-4.15452	-3.67177	-1.09808	0.648112	-5.84458	-1.09475	6.62334	-2.15711	-4.12587	-0.284811	
43.0247	-1.87655	0.375997	0.968125	-1.51943	-4.28486	-6.15745	-4.1865	-13.1596	-0.237478	7.20545	-3.89683	-0.232306	4.06475	
42.0948	-2.51634	1.49882	1.37355	3.21251	-0.1475	-3.34677	-3.9328	-1.99627	1.32943	1.12878	-3.96116	-1.49512	4.413	
42.3568	-3.61283	1.37141	2.12931	0.783926	-0.741595	-1.13021	-4.28694	1.33568	3.73571	1.38873	0.615922	5.69428	5.27651	
41.8803	-2.18077	4.11132	3.11299	-2.1316	-6.35102	-6.0846	0.588679	2.74695	-5.14922	-0.732662	-1.18377	0.816109	4.10973	
42.2482	-3.22	0.660862	4.74677	-0.0541183	-0.717851	-2.09366	0.845098	11.3081	3.98566	-0.690183	-3.26538	1.01957	0.323394	
43.0946	-0.280518	3.61951	5.63648	-3.49819	0.635915	-0.0234323	-1.17919	-0.855558	-2.51701	-3.08754	-3.99173	3.36564	-0.401002	
42.3479	-2.27406	3.62635	3.67433	-2.84387	-4.45898	-2.65288	-5.20107	-3.14157	3.20824	2.89074	-2.82596	0.776794	4.68902	
43.3194	-2.38542	4.19772	2.51994	2.93333	-0.754555	-4.29918	0.751074	1.09255	-3.28848	-2.25548	3.74045	-4.85099	-0.606063	
42.5201	-2.26912	0.921981	4.24333	3.23492	4.73232	0.9953	-4.04063	-5.02635	0.987382	-4.12596	0.614223	3.75095	0.0575059	
43.0941	-1.82318	3.42817	5.11096	-0.0773557	-3.48737	-0.665947	-5.13528	-8.55582	1.71362	-3.18115	-0.0860556	-0.485565	3.59459	
42.4612	-4.40735	1.53347	2.30469	5.02114	1.76746	-0.677848	2.35422	1.72392	7.00519	-2.42524	-3.95982	-2.31402	3.66825	
42.7406	-1.8244	0.374879	3.42698	1.78225	-3.44989	-1.08471	-4.77396	-1.03124	2.38632	-0.0126024	-0.0719208	1.91459	2.8857	
42.9207	-2.72765	2.18354	4.86518	0.240071	-9.93033	-2.53097	-8.92528	-2.78211	4.60946	-3.22484	6.44486	3.16387	1.34631	
43.4487	-0.80605	0.894101	2.30986	2.18389	0.763349	2.13199	-0.859354	-4.39086	0.576089	-0.234364	-4.8281	0.183451	4.64237	
43.1513	-0.473523	3.09142	5.52202	-3.53132	-0.113876	4.20985	-6.26229	-0.893795	3.06384	3.56681	0.720584	2.53278	3.88002	
43.1209	-0.886765	4.01904	0.789089	-0.731175	-3.54128	0.726953	-3.66725	-3.03697	-1.80367	-2.22395	0.696655	1.45127	2.21729	
42.5119	-4.27577	2.59496	3.21846	4.98476	-0.648419	3.16436	-1.74258	-1.26423	-2.6091	-2.77269	-1.97752	-4.75058	2.82719	
42.0332	-2.80999	3.1234	3.55403	3.07042	-2.55076	-1.76399	-1.63195	3.05268	2.99318	2.68142	-1.9739	-8.49785	-2.19091	
43.0385	-0.992165	0.221757	4.18631	1.10071	-0.0978035	2.3793	1.579	-5.95964	-0.196526	1.20921	-2.1428	1.48763	-1.00286	
43.6841	-1.64453	2.26884	3.31462	2.8677	-4.48894	-3.06405	-1.45111	0.20406	-4.63211	0.923964	3.29452	-1.87295	1.18656	
43.1099	-1.61363	4.03636	2.84897	1.04879	-0.496567	-0.556602	1.02252	-2.50815	-1.50041	0.321157	3.12062	-0.318851	2.7447	
42.9869	-2.67222	1.84963	6.41334	2.06626	-1.4052	-0.785614	-5.37208	5.77771	1.92706	1.77812	2.38464	0.774478	3.27456	
42.8894	-1.38127	2.34226	5.24317	-1.93794	-2.73683	1.29133	-2.00261	0.629061	0.811018	1.54026	-3.27203	0.262902	5.23993	
43.3775	-0.670536	4.78572	5.93282	-2.03032	-5.45199	-0.861174	-1.86679	0.122596	0.687691	-2.66252	1.23728	-8.53099	1.21506	
44.0035	-1.95954	2.78868	6.94715	-2.85958	-5.3883	-0.807715	-2.09777	-1.50588	-0.754025	-4.67305	7.75988	2.86589	6.39794	
42.9787	-1.4651	4.84744	5.64842	-1.16764	-3.13557	6.11911	2.52907	-0.92069	-8.8994	-2.38137	0.225477	-0.305128	3.05362	
43.1954	-1.17134	2.84763	1.44665	-4.45039	0.0568542	-1.48429	-2.78189	7.08485	3.08054	0.800203	2.72888	2.44353	-1.42416	
43.2469	-1.85183	0.775658	3.70131	-1.78716	-2.06929	3.15754	-7.63059	-4.91839	-3.81023	3.55618	0.219663	-2.47124	1.07175	
43.8953	-0.884483	1.80283	3.68744	0.49164	-0.758707	-3.65258	-4.37307	-4.72844	-5.50835	-2.87865	-6.01134	0.464036	1.94286	
42.7198	-1.52289	1.91474	6.00944	5.59591	0.197256	-1.74604	-8.57212	-3.44176	2.63593	-2.77404	1.4359	4.46769	3.45342	
43.964	-1.82646	1.90234	9.34363	3.33486	0.811888	-1.41253	-2.24628	1.30077	-2.91973	-3.3588	-2.86039	0.0703786	3.24309	
