7.17182	-6.43749	-2.06538	3.80525	1.24387	-7.31933	3.21883	2.69551	2.5179	4.58709	5.09246	5.24865	-4.43211	3.55349	
21.7208	-3.15674	0.63792	7.8304	3.00888	-5.1992	3.72582	1.16846	-0.662448	-0.174504	-1.86079	-8.661	-3.07443	-1.67842	
26.9441	-2.85614	0.0851789	5.39692	7.30964	0.0542158	2.15216	8.5481	-2.40895	-4.64769	-9.31845	-5.69122	-3.16615	-7.05972	
29.9085	-2.27359	-0.158077	2.79535	4.83556	-5.75272	1.3395	0.254725	-0.305305	-0.228104	-6.29915	-6.9302	5.32448	-0.832012	
31.2086	-4.02593	-0.0497241	5.85605	5.4732	-3.86009	-2.54342	2.00817	3.33026	-4.39243	-8.35142	-1.09558	2.2963	-5.61889	
33.9231	-1.88917	-0.699557	-0.109852	7.2717	-1.01675	-1.39587	4.58833	5.81336	5.63698	-1.26425	-1.23432	2.81217	-6.99373	
34.542	-3.72382	0.423165	2.26741	1.81922	-7.60726	-9.43166	4.40442	5.63809	-0.284198	-2.43528	-0.164575	6.73685	-3.23922	
35.713	-3.461	-0.43814	3.53228	3.16334	-6.72337	-0.948755	2.60108	-0.365732	-4.05153	-1.99902	-1.76671	2.66646	-4.2221	
35.6099	-3.82506	1.54875	2.12757	3.26829	-6.13732	-4.13234	0.809556	-0.103398	-5.00376	-1.61452	-1.99677	-1.35453	-5.91958	
37.331	-3.09555	-2.69995	2.85198	5.81014	-5.42499	-1.33836	2.05486	3.01543	-0.957669	-2.93539	-1.92621	-1.40097	-3.57505	
38.211	-2.1483	-1.80509	5.48951	2.77906	-5.06947	-7.82381	1.72328	4.26183	-2.27747	-1.09959	-5.83385	-0.743347	-7.50365	
36.9658	-3.93129	-0.74382	9.10241	6.70888	-0.619247	-6.82245	1.03116	0.301566	-3.51751	-1.86734	-3.00853	-2.65975	-7.61741	
38.1048	-3.73043	-0.180627	5.08359	2.79284	-1.0015	-0.36977	-3.7303	-5.82385	-8.46669	-3.75673	2.56241	4.11832	-3.95901	
38.2748	-4.90234	-0.976631	5.64579	4.53769	3.24098	7.11304	3.94179	-2.48923	-6.84464	-3.45917	-5.57498	1.25792	-0.991391	
39.8991	-4.31746	-4.83596	0.75973	4.3989	-4.06955	1.79885	1.97625	5.14304	2.03264	4.08868	2.60756	1.13119	-3.6862	
40.2623	-3.25761	-2.83559	-0.208203	5.35402	-1.40928	0.281486	4.57143	4.53708	0.904111	1.66186	-4.82943	4.54465	-3.10093	
40.3307	-3.49364	-0.405185	1.76062	5.27297	-1.25248	-2.65749	1.08615	-3.80647	-3.04948	2.90904	1.44866	7.79697	-1.69048	
41.6864	-3.55126	-0.495218	0.879362	3.02094	-1.44091	0.567084	6.47131	1.7149	-5.32187	5.12481	6.03175	3.68765	-4.39196	
41.23	-2.99199	-1.66388	3.92629	4.97738	-4.73355	-3.00218	0.428168	4.62943	-1.54846	2.40047	4.25922	2.97053	-1.97998	
41.2083	-5.09235	-0.267048	6.97662	7.34583	-4.81807	0.461993	11.5706	1.58158	-0.897211	-4.25145	-3.89458	3.09209	-4.98762	
41.4388	-4.73363	-1.80412	3.82019	7.55235	-1.74585	1.32774	1.69787	-0.442002	-4.85551	-9.39819	-5.0696	-2.366	-7.01541	
41.3045	-4.5241	0.136465	2.6122	4.61825	-3.34398	-2.93998	-2.44817	-3.05413	-0.84525	-0.125045	-3.78455	5.15738	1.96206	
41.1165	-3.77754	-3.48984	1.31932	2.79384	-4.78406	-0.987208	3.39116	9.93656	1.76827	0.778598	4.674	3.87073	1.6823	
40.8847	-3.04652	0.387896	8.21329	4.86499	-6.94298	-4.44787	-2.48459	0.368442	3.04885	1.64461	6.7215	2.29659	-1.75333	
41.9624	-2.79508	0.839966	3.44563	2.70971	-7.60339	-2.04397	1.89038	-5.36144	-7.16082	-2.29351	-5.98912	-0.617074	-1.93647	
41.7664	-5.1256	-1.33126	1.68783	3.38366	-2.47377	-0.154681	2.9402	5.24197	-4.55399	-5.7586	-4.10946	2.62999	-4.23403	
41.6577	-4.84088	-1.0272	2.85903	7.40782	-5.83303	-7.28144	-3.94432	2.3	-2.83361	-8.81346	0.423347	3.67291	-2.82299	
42.5222	-4.80987	-0.831852	5.42095	1.39937	0.473982	-0.560472	-3.50336	-2.48108	-6.09763	-1.54563	2.18739	6.13426	-0.413816	
42.9771	-3.83098	-1.59998	1.87065	-1.25101	-5.95649	-6.67658	0.105429	0.493658	-10.0551	1.03421	2.77644	-2.13032	-2.71175	
43.0342	-4.54668	0.540459	2.95262	3.4659	-3.68706	-0.273201	8.1357	1.17098	-6.85099	1.18421	3.55039	3.58604	1.49543	
42.3799	-5.52309	2.28905	5.86807	0.646875	-6.11517	1.20892	3.66752	4.02097	0.929597	3.31607	1.31889	3.29782	0.591421	
43.2152	-3.6275	3.11855	2.08308	3.01597	-3.78461	0.523297	4.58372	-0.851522	0.0252577	-1.29826	0.196221	-3.61371	-3.92828	
42.4674	-5.38418	1.69776	1.12351	-1.93775	-6.17681	0.711723	8.88599	5.38057	4.82108	-4.51141	2.23771	-5.75679	0.119906	
42.2269	-5.72852	-2.00199	3.4475	-1.93103	-5.66159	5.87808	5.09039	5.71329	0.809569	6.67226	3.34995	-4.8013	2.00932	
41.8954	-6.65968	-1.20066	2.43508	-0.191434	-4.91121	2.26019	6.64785	6.85003	6.78895	5.21774	6.67648	2.70568	2.26036	
41.7994	-5.64153	0.0385466	2.1133	-0.316345	-0.463881	2.22421	2.51841	0.800703	-6.05406	-2.28315	-1.69035	4.94762	0.804403	
41.6973	-4.59794	-0.073957	5.31597	-0.850524	-4.2439	2.25561	0.914218	-5.49987	-0.625488	-1.90018	3.42331	2.8052	2.1075	
43.4742	-3.40695	-0.334225	4.59017	2.46523	-0.594273	1.43626	2.7941	-3.5467	-3.17478	-1.32687	-0.814254	-0.508687	-0.00544263	
42.687	-4.28867	0.744561	5.07408	3.32595	-0.818126	-1.62601	-0.0409542	4.32172	-1.38017	5.20865	-0.536678	0.681323	-2.90521	
42.0101	-4.24206	2.21071	4.23063	-3.44638	-5.09472	3.78	-4.54321	1.21313	-1.44269	3.47603	-1.33155	3.5355	-1.68152	
41.3689	-5.40062	0.0786404	2.85729	0.628205	-0.840822	-2.34549	-5.31276	1.26077	-7.26807	-11.0367	-4.39138	3.7998	1.70128	
41.6465	-4.52359	-2.11937	6.2073	5.40703	-0.336815	7.09142	5.55009	3.13216	-1.39947	-6.37969	-4.59994	-2.82725	-1.50987	
41.5005	-4.94401	0.337493	4.55279	3.71797	3.53209	-2.80248	0.198998	3.2017	-4.64345	-2.88114	-4.47341	-3.24565	0.0801624	
41.7304	-3.74505	1.51261	-2.34086	-5.90253	0.88822	-1.85935	-0.477199	-1.66911	-4.6625	0.862809	-0.453261	3.09369	-1.1009	
40.9619	-3.22896	4.18609	0.630791	0.557856	-0.507965	-4.44688	-0.570856	-2.4754	0.681987	1.34244	0.803902	2.1054	-1.78746	
41.9937	-4.60387	5.16303	7.10706	-0.348179	-2.84975	-3.99317	-3.81107	-4.28506	3.22413	4.00397	0.625363	0.711911	-1.59222	
45.4289	-0.215174	4.71677	7.55271	4.58451	-0.127466	0.487673	7.08029	0.973847	0.867371	2.20837	0.371658	3.74958	-2.78831	
49.2894	5.05183	8.42778	7.54864	-2.57915	1.80618	2.96962	7.39237	-2.76068	-0.625169	6.76319	-6.6102	0.757751	2.02625	
47.1503	3.52188	6.05233	5.52337	2.73824	-4.89327	2.62243	3.93528	5.65281	0.814798	3.7717	-1.56161	-1.96306	3.00861	
47.4967	2.14301	7.11112	11.9475	5.44874	-5.1086	5.47091	5.81631	2.17209	0.551869	-4.27643	-0.521311	1.40817	5.4501	
47.9966	3.2507	7.28444	7.69837	3.07299	-5.10107	3.59809	4.94541	-0.694924	3.89899	-0.557497	2.0896	-0.219788	0.100867	
49.4255	3.32322	6.57835	7.48535	2.46737	-3.78191	4.50607	7.40789	-1.90137	4.77304	1.79052	-0.838404	-3.99678	2.89814	
49.8697	2.89398	9.18819	8.26647	0.088133	-6.51995	3.88497	7.35184	-1.21235	2.69171	2.28546	-2.40513	-5.11533	2.21966	
50.0381	4.09164	7.94073	5.93537	2.56645	-7.04751	1.23846	8.54232	-0.374085	0.826124	-1.34569	1.47133	-2.70807	5.76525	
50.4484	0.882895	8.1639	6.57366	-1.90181	3.88036	2.31834	9.41585	0.498355	2.70287	8.06429	-2.6307	-0.837229	0.358902	
48.7654	1.47122	9.20509	3.63394	-2.36072	3.81064	0.0994151	8.20302	1.13007	6.96569	9.94599	-2.812	-2.13392	0.204179	
48.5594	0.00253268	6.36671	5.17137	-0.165365	0.275577	4.28175	8.87096	3.96832	0.994458	0.265082	-2.16112	2.35355	-1.08721	
48.4695	-2.47657	6.91968	6.37942	1.38093	1.11068	2.20003	2.65352	5.68601	-1.03204	6.18157	-2.05754	-4.20994	-2.44814	
60.633	-10.5675	2.60425	-1.3021	-5.6803	3.63658	9.37192	6.09342	-8.72625	6.417	4.15843	-5.72192	2.89039	-0.286652	
65.6048	-9.68313	4.65655	2.19203	-9.36421	5.24696	13.0333	5.99446	-9.06595	6.31304	2.47431	-9.11394	-0.736036	-4.75818	
61.5376	-9.63001	17.029	12.2084	-2.12589	7.06573	-0.922815	-0.0492082	-0.0945739	5.5756	-2.77625	-3.77605	10.0885	-5.73257	
60.468	-9.81773	18.798	9.26065	0.23664	3.73359	-2.02706	-3.50215	-5.26376	5.10266	-1.28601	-2.17586	5.61064	-3.00606	
60.1122	-11.4345	22.8725	7.04688	-0.15589	3.11805	-2.64601	1.19904	-1.2567	7.40606	-2.12715	-1.4979	0.613327	-0.827149	
59.0203	-11.6593	18.7474	5.67273	1.63064	1.82278	-3.95823	-2.40441	-0.861045	8.24495	-0.216595	1.71348	1.84772	-3.84645	
58.1673	-9.92932	16.4768	2.88144	4.68877	-0.464658	-2.73341	-2.54642	-3.23277	5.20426	-1.05887	5.06034	1.72842	-1.10467	
56.6758	-9.61524	16.2428	0.497493	3.14194	-3.19158	0.223774	-3.43	-6.34357	2.22053	0.154696	5.77427	1.09036	-0.487474	
55.957	-9.35154	17.3035	-0.0694284	1.87433	0.574251	-3.96933	-4.91455	-0.999932	0.985811	-2.73453	4.30961	0.757453	-0.100255	
54.8672	-9.89434	20.1592	1.9629	-0.21654	2.0187	-0.384511	-2.26052	3.70308	3.55614	-3.91451	3.17174	-2.15893	-1.22951	
56.0127	-9.43458	18.4256	0.352985	-1.22717	-0.565405	-2.01055	-5.79063	0.139077	1.64906	-0.8446	2.61497	-0.359373	2.19144	
57.6117	-9.72155	17.2514	0.220526	2.14431	2.9394	-5.19535	-0.407408	4.09797	-3.97199	1.61144	2.00987	-1.60542	-0.482232	
59.8614	-6.28029	21.6129	2.14046	1.39784	0.757438	-5.66856	2.80852	3.26127	-0.133116	2.97706	-4.30693	-0.904205	0.778784	
59.8787	-4.91343	21.5418	6.70315	1.16951	2.28047	1.88258	3.14133	0.0260856	-3.84161	-0.0970829	-3.12912	-2.52035	-0.125965	
60.4507	-4.48811	20.8217	6.77244	0.447088	4.34899	0.156077	4.19604	-1.10191	-4.05778	0.045107	-2.02583	-2.58132	-2.59842	
61.2916	-4.78904	20.8459	14.0669	-2.75197	2.29143	0.0381371	1.00953	1.79794	-0.164916	1.06896	-3.10657	-6.21775	-7.94928	
63.4136	-4.7931	19.4123	16.1925	-3.52034	0.175465	0.470797	-1.48321	6.2593	-1.87454	-1.06026	-5.25645	-4.16241	-5.26286	
65.6524	-3.7324	14.6679	17.3503	-6.49234	-0.445988	2.70079	-2.83717	5.30798	-5.05946	-2.00753	-5.89554	0.821447	-2.44143	
66.6653	-2.89718	11.3962	16.5308	-6.99607	-1.86129	2.43721	-7.27733	1.28533	-4.07956	-1.23597	-5.18836	0.746657	-0.937717	
67.9633	-2.31829	9.09256	15.9493	-6.18297	-7.98144	4.00023	-6.35242	-0.944937	-6.44962	1.51371	-8.33085	0.149478	0.0434232	
69.3034	-3.12028	7.53798	13.8313	-4.69684	-9.35401	3.73877	-4.15543	-3.95637	-3.24746	2.31732	-4.67237	-0.281245	1.5017	
70.2068	-3.92699	5.21184	14.6154	-5.71303	-8.39018	2.47239	-1.765	-2.64666	1.09507	2.20842	-2.05836	-0.660258	0.56282	
70.9188	-4.09067	3.03931	13.8324	-6.73776	-9.81347	0.953959	1.18332	-5.80916	1.89151	-0.335984	-2.09346	-0.137597	0.269173	
71.7448	-5.01895	3.78617	14.757	-6.25675	-8.27655	0.766191	0.3928	-6.56428	0.360248	1.68474	-2.38338	-0.18025	-0.28841	
70.83	-3.65084	1.7538	13.5403	-4.89497	-9.68056	1.76256	2.3891	-5.3532	3.24018	3.53756	-1.34189	2.604	2.47519	
71.3606	-4.33637	0.838068	12.4741	-5.15128	-10.0844	0.442852	2.69166	-6.97213	1.30111	2.93081	-1.35138	1.16659	1.7853	
71.6323	-4.74467	0.459807	13.2014	-6.81982	-9.11809	-1.67632	3.13624	-6.83952	0.850326	2.71824	-2.15188	-1.54963	1.1064	
71.22	-4.26316	0.246569	16.4525	-7.68476	-6.48232	-1.47743	6.24441	-5.16973	0.906832	4.24588	1.66257	-1.15968	2.2664	
69.4558	-4.19823	1.12288	16.2083	-1.27741	-7.65797	0.492177	6.52988	-1.87257	-3.70267	5.20854	3.32496	-3.54523	1.72847	
63.4978	-2.16484	5.03256	20.4181	-1.47964	4.78661	-4.29499	4.36075	-7.14377	-8.99231	8.27197	6.43052	1.46194	-5.63677	
63.4359	-1.64772	3.72861	19.548	-4.95538	5.38734	-4.4259	8.03354	-6.20881	-6.79863	4.36476	2.71992	1.59983	-4.00626	
62.7908	-3.87991	0.812664	16.7951	-7.35052	3.45632	-0.205393	14.9879	-0.835114	-1.22461	11.5826	0.99387	5.17332	-2.82746	
61.6772	-2.65794	0.0158846	17.2599	-6.99572	7.11027	-1.50416	11.1578	1.14659	-2.23896	4.91162	-1.9389	1.26732	1.69683	
62.3119	-1.95663	-0.080429	17.4988	-4.83086	7.01849	-3.15384	13.1643	1.33869	-3.61576	3.99473	-2.20197	-1.28052	-0.530021	
61.8625	-1.93434	-0.655493	16.4609	-0.661294	4.41419	-2.69282	13.0886	4.83199	-3.04566	8.5683	2.98511	3.35899	-3.93259	
68.7665	-2.10784	-0.294973	17.1832	0.288188	-6.27533	-3.57902	5.19021	-4.53899	-9.11543	-0.362077	-2.71649	-3.87282	4.09836	
70.311	-4.01545	-1.46112	14.8414	-4.54114	-10.3497	-2.54207	3.9743	-5.12613	-4.44333	2.25049	-2.06454	-2.99629	5.29619	
71.1757	-3.36672	-0.774565	13.7243	-5.9285	-7.91842	-4.00442	1.64347	-5.96647	-5.14415	2.35087	-2.78708	-2.62202	1.88739	
70.4038	-2.11367	-1.24804	13.9485	-4.0468	-9.16664	-5.72324	4.17137	-6.11298	-5.45347	1.3493	-2.10174	-2.90939	-0.193611	
71.6943	-2.90215	-0.738503	13.7957	-3.03649	-10.8853	-4.96854	2.46078	-5.6148	-3.87999	2.46116	-0.641037	-1.28911	1.477	
72.2395	-4.15663	-1.38929	12.2299	-3.68998	-10.1705	-2.869	4.06423	-3.88929	-1.97228	1.89153	1.73962	-1.13727	2.31884	
71.9107	-3.60465	-1.9681	12.854	-2.92219	-10.6105	-3.87666	4.97759	-4.8969	-3.43923	2.00453	1.58918	-1.78606	3.26119	
71.7041	-3.28577	-2.56002	9.69664	-1.98844	-11.8479	-4.22802	3.97704	-5.42081	-3.14701	-0.77607	-0.0810273	-3.86766	-0.341482	
71.8163	-1.94398	-2.74298	12.9935	-3.01656	-10.7857	-6.13031	2.6286	-3.53393	-3.85626	2.62826	-0.659375	-3.12615	0.450626	
71.282	-1.3181	-2.01243	11.7848	0.148212	-11.6352	-3.71549	4.02014	-5.66761	-3.80491	1.97624	-1.7456	-4.20465	0.306854	
70.0917	-1.04156	-2.28071	10.554	1.04173	-9.76865	-6.25325	5.12383	-6.42587	-6.02547	1.94602	-4.11012	-1.80918	1.17862	
70.3677	-1.69738	-1.45106	11.9881	-3.03201	-8.59867	-4.90201	7.16078	-5.20805	-3.60695	1.78631	1.54145	-4.12276	-1.17552	
68.1775	1.28008	-4.40129	11.9268	-0.929168	-7.56802	-2.32708	3.93401	-3.67818	-4.66681	3.27937	-3.69973	-2.92436	0.667282	
68.0627	0.694899	-2.93284	13.5671	-0.692568	-10.5308	-2.01355	5.62199	-0.604445	-5.52222	3.00103	0.170986	-5.63906	2.2412	
66.4366	2.29591	-3.35166	15.8149	-0.581153	-10.6507	-2.13887	-0.965368	3.37324	-6.04618	4.64066	-1.52204	-4.69134	-2.24544	
66.1466	2.57847	-4.15291	17.3943	-0.110272	-7.64468	-2.21707	3.96525	2.06482	-9.22786	1.44445	-2.09066	-7.70974	2.06057	
65.1929	2.95889	-2.21006	16.3386	0.579507	-6.37464	-3.81481	4.27949	-2.28281	-8.85258	3.00411	-1.44391	-4.16909	0.351235	
62.3825	2.10434	-1.6178	15.6083	2.27134	-5.68462	-6.27884	6.70977	-2.78507	-8.27447	2.90246	4.5394	-4.46316	0.617887	
59.3463	1.96292	-0.147881	14.7112	0.856994	1.88525	-6.04877	4.27776	-0.317089	-5.87727	6.94965	1.66345	0.0516178	-3.91948	
60.0833	1.68613	2.05872	13.2605	-5.96822	-1.63723	-9.0557	4.27528	5.32829	-4.32356	3.51569	0.173944	3.47065	-2.68923	
59.3954	0.836743	-0.223423	13.8134	-5.87518	2.55755	-11.3051	8.92442	2.22366	-1.53199	6.92972	0.643522	1.86996	-6.09355	
58.9094	0.806664	1.03591	14.0408	-3.63392	2.11048	-7.18331	10.3606	-1.5816	-7.7466	5.66116	-2.73735	-0.836066	-2.61126	
58.6629	-0.840276	-0.341084	16.5902	-1.85198	0.158138	-8.40428	9.92589	-6.06452	-2.2249	11.5439	6.27421	2.80514	-1.69581	
57.8694	-0.430915	2.55191	17.7345	-3.69772	2.51113	-5.80667	8.85792	0.415453	-0.809939	6.23455	-0.899802	-0.711232	-2.53042	
57.9018	0.460986	2.3995	18.0789	-2.05611	-1.26073	-13.0751	4.16434	-3.47224	-3.43109	10.5898	1.65665	0.12465	-1.4278	
57.5279	-0.0163926	3.5008	16.5718	-4.47303	4.93944	-8.58996	6.17145	-0.535013	-10.2334	1.05119	-3.43895	2.73553	-2.50041	
56.1161	-1.10316	1.02845	13.0731	-4.90584	6.74225	-11.9496	8.2222	1.64821	-4.2897	2.193	1.83741	0.478722	-1.43425	
55.2069	-1.15018	0.505466	12.9616	-3.82949	5.99859	-8.70001	11.7632	3.96286	-3.59735	5.29326	-0.990683	2.56507	-1.59281	
55.9116	0.0780765	1.9169	16.0402	-3.27559	3.81027	-6.56411	10.0834	2.62739	-6.22491	0.332935	1.09638	1.71382	-0.91421	
55.798	-0.535874	0.267195	15.8728	-1.65674	7.15639	-4.65202	11.318	2.84071	-5.05021	12.9656	3.76948	-2.60925	-1.41539	
54.2944	-2.14194	-0.317045	18.0452	1.55536	7.69557	-7.36596	8.0218	7.00631	-1.74541	7.67368	0.252703	2.68384	-2.30322	
54.7763	-0.423534	2.86971	13.8871	-4.49376	-1.02374	-14.1411	9.0415	5.98842	-2.9352	11.0445	1.99757	1.2533	-0.23821	
53.9274	-0.33784	1.09406	15.3599	-7.26651	0.535879	-7.34729	11.2154	4.52587	2.84462	10.4317	2.58076	1.39582	0.889068	
53.4424	-0.15935	1.41505	11.6251	-4.09512	2.20499	-9.08781	8.44738	-2.3101	-7.71386	12.1492	1.99231	4.86305	6.28236	
53.2539	0.585853	5.16175	12.7941	-0.264619	3.81647	-10.0017	3.67334	5.08431	-4.63903	6.71967	-3.65875	3.17839	4.483	
52.5703	-0.659845	2.49165	16.3345	3.56247	4.82525	-5.13895	5.8228	8.69869	-2.83034	7.03323	-3.63598	-3.64208	-5.89846	
52.4938	-0.525126	4.00927	13.3848	-0.494855	5.95847	-3.84343	3.83211	4.54891	-1.66884	5.29912	3.5794	1.25537	-4.95216	
51.8132	0.290482	1.5337	12.0108	0.268357	-2.48189	-6.84391	6.2018	3.28815	-1.4743	11.2707	2.2521	1.8982	1.23134	
51.1173	0.48019	2.00501	10.5585	-0.393187	-1.09231	-3.61019	7.96093	4.28195	-3.49532	8.31686	1.13905	5.48527	6.90963	
49.8253	0.784526	4.55578	6.99071	-2.33431	-3.08759	-4.7559	1.90994	5.10657	-4.68491	-2.15063	1.64394	9.46657	6.94256	
51.4798	-2.97157	3.83028	2.639	2.6503	-5.30888	-4.86139	1.80695	-2.1876	-5.22565	2.65825	2.1977	1.19846	7.21741	
51.9822	-2.07593	8.832	2.42451	6.12301	0.605515	-7.29699	-2.34634	0.73137	-0.853401	-0.443722	0.871365	-0.586713	0.000302272	
49.051	-0.713791	5.99948	6.78815	0.519164	-2.54614	-8.73263	-1.46408	2.27939	-1.93325	8.35158	2.31006	1.28793	3.08133	
49.1855	-2.41138	5.53468	9.67405	1.33173	-4.54478	-4.84167	0.411826	0.853927	-0.635098	2.45259	6.53229	-2.87819	5.19634	
49.4436	-2.30712	4.02762	10.1555	2.15298	2.63573	-3.12806	-1.18298	2.57122	1.41871	4.81633	6.4203	-4.1368	2.50269	
47.8844	-2.72705	2.71092	5.7209	1.94804	0.0330332	-3.57446	1.28544	1.82039	-1.00435	7.39635	-2.98668	-7.65	-1.08603	
48.0536	-1.5485	6.0142	7.79083	3.53916	-0.395966	2.48112	3.09032	4.35432	-7.45686	1.15095	5.67213	-2.50212	-1.39725	
47.7755	-0.800909	7.16741	9.79013	4.79862	-1.63027	-3.34088	3.07001	-2.75242	-7.15053	9.6032	6.76931	-1.15092	-0.830247	
47.1515	-1.14734	3.01342	3.14943	1.36724	-12.422	-10.4333	-4.03416	-6.46245	-8.91007	-2.31099	0.266061	5.90696	1.31706	
47.243	-1.07036	3.24673	5.64243	3.96665	-2.63433	-5.45487	0.613276	-3.11579	-0.506699	5.00041	-1.04704	1.95096	0.605465	
46.5808	-2.72416	-0.00964581	5.0965	2.25988	-6.03024	-4.37683	-1.44328	-4.19094	1.36641	1.35196	1.19476	-0.0952522	-1.71822	
46.6513	-0.92716	4.29525	3.78532	-6.43161	-9.65176	-0.159782	2.20676	2.51899	-0.48934	-0.812887	-1.49299	5.739	-1.36189	
45.9697	-1.78468	2.91977	5.97729	3.92925	-2.65042	3.746	5.96892	-3.48627	-6.65104	0.694885	-2.277	-5.55724	0.372413	
46.9257	-1.32935	4.91177	5.16245	5.32897	-4.3168	-7.53961	-2.45022	-6.71142	-1.10117	5.47378	3.0505	2.23162	5.56869	
46.7101	0.422358	5.15165	3.71349	1.08781	-8.22312	-7.70188	-6.61116	-5.63137	5.23363	-0.463949	-1.95208	-1.68269	-0.150961	
46.2415	-0.757908	3.96771	5.42696	-0.170243	-6.09082	-1.72418	-4.33687	0.926503	2.97907	-3.42765	-3.15107	-5.38973	4.87291	
45.5672	-2.44216	1.01191	4.66617	-2.36113	-4.13313	-3.82551	-0.714145	5.1372	-1.22785	0.00577202	-2.20002	-0.602039	-0.744673	
46.0156	-2.14472	3.44506	7.13777	2.4276	-8.90849	-3.75254	-11.1055	-6.48607	-3.37342	0.159675	-2.59744	4.52408	4.54499	
46.801	-1.34803	5.48616	4.60493	0.577419	-7.48121	-6.2326	-5.94309	-5.0736	-4.18128	-0.154906	-1.31786	-0.417384	1.47849	
54.4794	-1.62175	2.7308	-7.59361	3.11979	-5.19514	-0.540007	-2.95955	-1.64752	0.780995	-2.85842	-2.08475	-1.12889	2.60077	
50.8928	-2.65472	1.91215	-4.16889	2.17915	-6.11945	-0.661662	-2.96103	-1.02304	0.970311	-2.81535	-4.43553	0.416283	1.10626	
45.9473	-2.44357	1.14694	1.15066	1.63465	1.6857	-0.865114	6.95073	8.92881	3.5981	-6.7513	-4.76088	-2.91115	-1.24096	
46.0668	-0.255746	1.77451	3.77054	1.97926	-0.21126	5.89664	-0.348069	-0.934671	3.92737	3.08066	-1.64829	-4.4424	-4.13674	
45.9797	-3.85833	1.85854	2.68355	0.879548	-5.75981	-5.56549	-1.91206	2.21986	-2.2798	-0.214014	2.18254	-3.03531	2.31885	
45.6249	-3.70089	0.842588	3.63943	-2.15884	-8.23837	-4.05282	0.564453	3.30581	-2.2688	-1.46435	-5.58156	-6.76547	-0.402005	
45.2531	-3.55563	1.8814	4.07102	-5.03935	-9.73851	-2.72356	-2.61175	-0.423894	2.72051	-0.420459	-3.41763	3.09165	4.8524	
45.2168	-1.16293	3.1931	4.93212	-0.53109	-5.40576	2.78911	-1.68632	0.267943	-1.17663	-3.04995	-1.85463	1.49088	0.234774	
45.1548	-2.6555	4.56045	5.62106	-0.978703	-3.84151	-3.41956	-9.73533	-1.05851	0.196111	-0.845913	1.22741	-3.42403	1.29273	
43.9003	-5.32314	-0.454811	8.57867	1.52835	-4.55019	-2.1355	-8.65843	-1.17773	-2.1624	-1.636	-1.18415	-1.05206	-0.977238	
43.7888	-4.65536	1.17757	6.96329	4.09948	-5.79256	-1.09763	-6.10573	-4.8432	1.04479	5.24185	6.21716	-3.76563	-5.23125	
44.7159	-2.1053	3.54027	5.90556	0.614464	-9.41156	2.42985	-0.206072	-3.72266	-1.6935	-2.54694	-0.474875	0.643848	3.19123	
44.6912	-4.45014	0.0698127	6.23285	3.75689	-10.5968	-1.21238	1.65471	0.186734	4.41135	-3.62171	-2.74686	1.87223	-0.134844	
44.9416	-2.7818	3.36321	8.50358	-1.475	-10.0367	-1.54042	4.87081	-1.02929	-9.45901	0.0201224	2.24923	2.42292	-3.01118	
42.8429	-5.15917	2.60588	3.83296	-0.565323	-5.21066	1.90781	3.02981	2.87829	-2.85452	5.18999	6.23095	-0.773431	-2.37432	
43.5087	-3.86854	4.43016	7.17534	3.77479	0.715239	0.091419	-9.68467	-13.9719	-0.177845	2.15078	2.24643	3.42079	-3.46604	
42.9306	-3.33754	4.7643	9.64569	1.19996	-8.54793	-2.86582	-2.19965	-4.88293	1.14521	0.59018	-0.608444	2.59703	-1.70007	
43.0566	-3.30025	2.46716	7.93413	-0.248639	-5.09464	-0.364074	2.09415	-4.30269	-2.83278	-1.57337	-2.5316	2.75814	-3.64578	
42.425	-3.43702	4.03866	6.07573	-2.2249	-2.7995	0.312574	-2.91248	-5.74178	-6.09872	-0.83479	-0.0167752	1.06123	-1.39617	
43.687	-6.46364	2.21849	7.49331	1.81022	-1.06068	2.25195	4.46627	-9.96258	-9.2131	-2.9621	-2.93118	1.85859	2.02393	
42.7783	-3.36491	-1.6808	6.4653	-0.809923	-2.82271	0.151746	-3.38392	2.70983	-0.00327723	0.707396	0.836624	0.163234	-3.83597	
42.6051	-4.14144	-0.0107638	7.0287	3.29909	-2.74411	1.21579	4.05545	3.18994	-3.53296	-9.6169	0.852353	3.66079	-0.921428	
41.9328	-4.6131	2.9041	7.68293	2.15693	-1.50572	3.30039	2.13453	1.83725	0.973475	-2.83497	-0.704345	-3.78441	-0.596128	
41.9738	-3.09089	3.45	9.31341	-1.51255	-2.33065	4.77927	-5.55211	-0.27768	-1.98263	0.266919	-0.428037	-3.95458	-1.24894	
42.6647	-3.42508	1.81386	7.14739	3.45775	1.62247	0.782782	-4.9911	-1.66932	-4.14123	-1.5847	3.95323	-2.66576	-6.31058	
42.9543	-2.13087	0.89573	5.335	-5.06428	-5.20443	2.42638	-3.13737	-2.76527	-5.0596	-2.10705	0.79418	-0.154583	-3.22512	
42.1597	-3.71467	1.46172	4.40723	-1.56974	-1.46838	1.0816	-7.59459	4.53126	0.810614	2.06608	4.91624	-9.14699	-1.70763	
45.7141	-1.73614	0.793647	0.132034	3.54678	-2.35854	1.45632	-2.91946	-1.70884	2.43163	-4.49279	3.82621	1.33908	-1.60255	
49.0079	-1.28879	1.18815	-2.1184	4.17251	0.0356451	-3.50583	1.12431	-3.82955	3.69959	-3.25579	2.6921	-0.472953	1.62987	
42.9159	-4.43818	0.941498	6.44015	-2.5453	-4.56469	0.431487	-1.48778	3.09447	0.577266	-1.06231	0.715355	1.90816	-0.287304	
45.0469	-4.77392	1.36341	9.12755	-2.33224	-3.73524	-1.73089	-0.440266	2.40482	0.337595	-2.63331	-0.653017	2.91982	-4.91905	
45.574	-3.91474	2.78682	8.64661	0.57481	-1.1625	-1.56147	-1.29872	-4.99883	-4.02002	-2.64592	1.81377	3.77678	-5.88284	
44.9357	-4.33736	2.6118	5.15328	-4.42356	-3.17701	2.9477	-5.09744	3.10721	-0.664444	-4.83078	2.6459	1.77126	-3.71318	
45.1801	-6.33108	-0.553122	5.932	-4.54156	-3.51246	-0.202368	-6.53289	-2.07704	-5.10678	-2.69562	6.51795	0.782417	-3.05172	
45.0192	-5.62361	1.24607	4.99409	-1.02357	2.77729	-2.27344	-5.6883	-4.1412	-3.59483	-0.955236	2.93102	-3.32819	-1.9	
45.4197	-2.96464	2.33904	5.00454	0.525755	-1.0058	1.22985	0.680849	-6.54301	-4.24714	-2.53581	-2.27566	-0.999088	-5.12147	
45.0071	-3.52285	3.23248	4.72669	-3.98692	-0.677422	0.559054	-6.5051	-3.51279	-4.16847	1.45855	8.3417	4.08054	-2.31721	
44.3423	-4.61887	2.80696	11.6017	0.651118	-6.53914	-7.39	-5.38178	0.163456	1.61659	-2.33324	1.3842	-0.405555	-0.594854	
44.5453	-3.01638	2.45648	5.76469	-1.4011	-1.93869	-2.99516	-3.85114	-9.69792	-3.29911	-3.82344	-6.06294	-3.59889	-2.8388	
43.3621	-3.36398	2.192	7.77399	-0.512511	-2.82738	2.60577	-6.13951	-7.21389	1.0718	2.5718	0.120175	-4.89501	-6.3283	
43.3556	-2.10466	3.29304	9.48421	-0.35335	1.30318	-1.09485	-5.31452	-1.54528	-1.57739	-1.87	-4.21479	-0.673436	-3.56411	
43.2388	-2.52081	4.15857	12.4974	-2.19155	-3.83044	3.85647	-3.13844	-3.78167	-8.92297	-1.75932	1.71602	3.75147	2.29282	
42.9029	-3.53362	2.54448	4.53923	-1.25116	-2.3987	2.11451	-2.88372	-5.85604	-5.01129	-0.453718	-0.701621	-1.99407	-0.970119	
42.6189	-5.38028	1.25288	2.64802	2.18211	4.04287	-3.19826	-6.65385	-3.65244	-5.57793	-0.422527	-0.359658	-0.955431	-7.65468	
42.8218	-6.26576	0.0470981	3.92445	6.42243	3.52536	9.30019	-5.08063	-5.14965	1.33926	2.06234	2.60555	-1.41356	-0.563606	
41.9296	-4.33518	2.01613	3.42213	-0.0335621	3.50193	7.46447	2.87164	-4.18469	1.76306	1.48304	2.80135	0.146086	-9.539	
41.9583	-5.93967	2.64462	6.22995	-1.39314	0.126364	1.77887	-3.50978	-2.06919	-0.472099	-0.722079	4.79892	3.23851	-1.96441	
42.6236	-2.5722	2.8276	9.18148	-2.83619	-2.35161	-4.10039	-6.04926	-4.08686	-2.57304	0.609128	-0.634426	-1.56623	-5.05304	
43.2046	-3.82279	2.3183	6.84237	-2.01717	-1.42848	2.68034	-2.06137	-4.86078	-2.80967	2.51069	6.14888	1.28623	-1.97448	
41.482	-4.94488	3.51386	5.9511	-3.41197	-2.49799	1.16587	-2.50862	-0.118105	1.29165	-0.110622	8.62781	7.80519	-4.57613	
42.271	-2.43413	1.54641	9.74165	-1.51235	-4.1238	2.14598	-5.48671	-1.22176	-0.970931	-2.76397	1.57996	-3.05446	-3.54282	
41.8124	-3.31132	3.24075	5.71554	-5.20937	-1.80436	1.06931	-4.899	0.0446867	5.22271	-1.11222	1.86999	4.66211	-5.28721	
42.3014	-3.82176	0.426936	7.45395	-2.81195	-1.09559	0.526719	0.960347	-2.80637	-4.4279	1.46121	-0.67624	6.788	-1.81752	
41.2376	-2.93779	7.50793	5.43391	-2.59154	-2.30505	-0.514113	-0.175475	-5.21571	-4.90981	-2.65028	-4.20428	2.07073	0.9995	
42.7294	-3.20013	3.95236	8.80575	0.989414	-6.14284	-3.96156	-4.72169	-9.11919	-7.72063	-5.00166	-5.29194	1.71173	0.496599	
42.8642	-3.27614	2.11801	3.75131	-2.99226	-5.19923	-0.481041	-3.71446	-5.79926	-3.93397	1.37001	-8.37385	2.19987	-4.33216	
42.3984	-3.68053	2.68183	7.8671	1.56844	0.00525809	-2.1238	-1.82297	-0.868243	-7.67518	-1.7672	-2.3879	-0.154132	0.151157	
42.6279	-3.45876	1.50866	7.87501	-2.65658	-4.98313	-4.72334	-0.61326	-6.86512	-5.3009	-1.96107	-1.35194	-1.74832	1.12182	
43.1665	-3.04903	2.37524	7.89765	-2.13548	-0.0303756	3.91192	-1.43663	-1.81169	0.0885816	-1.23256	-5.27891	2.47888	2.69494	
42.7706	-1.93161	3.15291	6.92972	-0.767566	-0.647283	-1.39205	-4.39059	1.14706	-5.07669	-5.24233	-6.46549	-0.097503	-2.96418	
42.4612	-3.66315	1.09425	7.15853	3.90116	3.89271	3.14206	-0.947879	-0.580569	2.04184	1.50287	-8.8407	2.58878	-2.95402	
42.663	-3.21665	4.12026	8.21524	-1.16834	0.522974	2.84668	-2.43342	-6.54674	2.96503	-3.26136	-9.31529	1.83818	0.458268	
42.4887	-4.76124	-0.0475784	9.9007	-1.46482	-1.01691	3.40222	-3.27702	3.81449	5.80335	5.45392	-0.00215451	-1.68172	2.97381	
43.1096	-3.08124	0.657619	5.48093	1.97684	-0.35251	4.68461	-0.118276	4.04154	6.38534	-0.759235	3.32223	3.49851	1.95075	
43.665	-2.30792	0.674366	2.95914	-2.19764	-3.49291	0.761342	0.356328	5.26778	5.79044	0.62638	3.61759	0.135385	1.11165	
43.092	-4.07838	0.0321573	2.79742	-5.49368	-5.646	-3.55002	0.17459	3.06155	6.57712	-2.03042	1.17898	3.40723	6.24382	
42.8888	-2.14379	0.538434	4.29987	-1.02318	-4.37243	-0.60166	-5.06047	-1.72534	-3.89628	-0.0718773	2.9379	3.79826	3.16285	
43.8502	0.388821	3.73014	4.81108	0.845125	-6.85694	-2.95262	4.55218	4.50675	-3.8057	-0.159006	0.194877	0.787095	-2.63214	
43.8691	-0.0527953	2.74416	8.88834	4.70016	-5.64999	-4.70103	-2.78043	1.9544	0.5387	7.64707	-4.64088	-1.29504	4.48641	
43.2568	-3.3605	1.04261	10.7518	1.47091	-4.90566	-0.56964	-2.54102	-4.75955	4.38046	3.91524	0.57764	-3.6748	2.93865	
44.602	-1.97849	4.51461	10.0452	1.21271	1.18807	0.140523	2.00456	-3.33024	3.27105	-5.06214	-5.18714	2.81321	-0.0773804	
44.4775	-2.38429	1.96785	9.11752	0.522911	-2.23074	4.56199	0.56296	1.58946	0.337365	3.13184	-1.75004	-2.95069	-0.394237	
43.6835	-2.71206	1.50856	8.99734	1.15201	-3.81355	6.73208	0.377177	-4.41829	-0.656868	-0.277347	-0.125515	0.508222	0.470516	
43.3106	-3.84808	3.01094	8.5307	0.646539	-6.25211	-0.0879809	2.57182	-1.53772	1.08273	-2.70296	-4.62827	-0.470098	0.7558	
43.4221	-4.08196	2.44672	11.3828	1.18025	-1.62715	5.96252	2.23294	5.55182	4.86638	-1.88134	-3.47591	3.14999	4.70523	
42.9171	-3.97484	4.58486	10.587	2.15888	2.90952	5.13327	-5.52588	-5.97096	-4.43477	-0.687093	-4.44804	-2.33535	4.68788	
