5.04141	-2.81803	3.62656	1.25259	6.46066	3.18529	-0.000788505	-11.112	0.423768	-4.83143	3.23704	-0.964224	4.99685	2.04907	
19.088	-3.12195	2.82327	4.47989	2.69542	0.2936	3.45996	0.178877	3.21056	-7.29508	-1.10277	-4.61781	-2.59179	0.771509	
23.8506	-1.36608	1.33716	7.67096	2.20779	-1.69807	2.62507	2.21987	4.06206	-4.75974	-6.03088	2.79924	5.8746	3.66384	
25.0947	-1.9413	1.74126	3.99759	-1.40879	-6.10177	0.0118386	0.535531	4.26775	7.15136	-1.15892	4.02351	-0.387234	-3.324	
27.6008	-2.2123	1.21347	3.7835	-4.30378	0.969392	-2.06276	-0.578038	-3.1134	-1.61979	-0.733349	-3.03921	0.0413341	-3.23423	
29.3094	-1.26436	2.10228	2.22	-1.55675	-5.28761	-0.896193	3.3141	-3.78583	-5.62157	-0.944273	-0.496149	-0.0707182	-3.33505	
31.3678	-0.693888	1.59969	5.77861	-0.923868	-3.30414	-2.65475	-0.451128	4.7729	-0.80494	6.04277	-3.03587	1.91673	1.77237	
31.3278	-3.35662	-0.569152	5.70733	3.86181	-2.16175	0.517485	6.36172	7.17124	5.36863	9.63204	3.26521	4.35466	2.87968	
32.883	-2.12287	3.40908	8.50052	2.92892	-0.0305634	-2.4483	2.79378	1.06783	-3.68268	-1.84119	-1.15613	0.728714	2.73568	
33.424	-1.03848	1.63027	8.98764	3.32209	0.238788	-0.757858	-2.91846	0.865175	3.43052	3.04043	2.74248	0.58238	-1.04309	
34.892	-1.02722	1.58843	6.51973	-0.431635	-0.813048	2.00725	-2.67997	-4.196	0.932178	-1.11553	4.46551	3.82362	4.04881	
35.8843	-2.07872	3.2404	2.85625	-1.61447	-3.64334	-3.24921	-2.89975	1.74473	1.02987	5.47911	2.03795	-2.02312	8.27712	
36.0259	-1.8917	3.90826	6.42215	4.37189	-1.67396	7.86568	-0.0165131	0.158611	0.739007	3.10846	-1.33281	-3.1492	0.692841	
37.1502	-0.0504523	0.281006	6.42634	4.28189	0.920696	0.73175	-0.788758	-1.33805	-1.21367	2.10475	-0.288373	0.68524	3.87172	
37.5938	-0.125759	3.68687	4.64915	-3.69225	-5.06937	-1.11207	4.02353	4.5305	4.94598	5.48744	-1.38841	-2.76722	1.95737	
37.846	0.25361	4.12854	8.76264	1.69282	-4.85964	-1.38498	0.0663074	5.45386	-0.680176	-1.70465	-5.37653	-2.91654	1.89495	
38.9523	-1.26229	3.9847	8.03681	1.03435	-4.20869	-1.49409	-3.4926	-4.89538	-2.56905	-0.83647	7.74004	-4.63715	-0.366572	
39.1978	-1.89542	2.18964	8.5612	-0.101848	0.112442	3.87526	1.84926	-1.32226	-4.90281	-1.6124	-4.54139	-2.65909	-2.67132	
38.7184	-0.709958	3.09513	7.07782	5.59275	-1.2074	2.35151	2.95125	7.18525	2.01909	-3.16651	-1.11589	2.94144	-3.1467	
39.8765	-2.00002	2.6202	5.7819	3.61973	-0.69608	1.53673	2.69574	6.69103	0.280862	1.30775	4.252	0.781682	3.35452	
40.5167	-0.814377	1.48324	5.16293	3.94816	3.49196	0.848608	-3.97623	2.82954	-4.49069	-3.33776	-0.562099	1.37937	1.92559	
39.9475	-2.85401	-0.590657	3.99079	-1.06018	-0.810246	-2.9918	-6.44658	0.562158	6.13884	0.0025596	-3.00985	0.466009	0.575075	
41.3749	-0.774619	2.63211	5.62724	0.979054	-3.06183	0.86968	2.8202	0.423659	-3.12291	-4.23162	1.27107	3.60721	2.42625	
41.3855	-2.43149	1.7014	5.52285	4.25239	1.75451	2.32203	-0.232005	-0.0399445	-2.8107	-4.15756	-7.31669	-0.578081	4.60285	
41.6571	-2.02805	0.688107	7.12582	1.31682	-1.68786	-0.791104	-1.15258	0.418044	4.19966	-4.53965	-2.89518	3.89197	6.71359	
41.4234	-1.90688	3.20854	5.88491	1.61253	-0.121091	-3.63787	0.506793	-7.4141	-0.193178	0.0212955	-3.37005	-2.29089	1.82885	
42.6937	-1.04055	5.05889	7.19979	3.22537	4.82537	0.198697	-2.31743	-1.71381	-4.64238	3.22946	3.52673	0.96299	-1.66116	
42.6262	-0.953038	2.93928	6.80597	3.32989	1.58088	2.38643	-0.390983	4.55585	-0.146161	2.22687	2.38008	0.227779	-2.81161	
42.696	-0.205678	4.64477	7.80697	-1.0717	-1.10392	2.37578	-0.718629	-0.144613	-3.30969	1.76645	-0.454919	4.01841	-4.39846	
42.0307	-2.41318	0.961615	4.57401	0.58251	-0.268243	0.368746	-3.43065	0.374327	-4.14287	0.0766452	-2.23594	4.57775	0.995489	
42.286	-0.630428	2.32187	3.2639	2.20764	-0.9283	-1.529	-4.19792	-6.13016	-6.14463	-0.0829732	1.44322	1.73946	-0.414491	
43.1149	-1.94709	1.26059	7.92147	4.54128	-4.36967	-2.30118	-0.106532	-2.74519	-0.201565	0.624834	1.60143	-3.61816	-0.52221	
42.5964	-2.71485	2.33366	6.40719	2.18225	2.63882	-4.44879	-3.48928	-8.06799	-1.26677	-7.60899	-2.14938	2.30475	1.24809	
42.025	-2.04068	4.68856	8.268	5.8408	3.33538	6.26566	0.0529401	-0.713365	-1.47982	-0.862076	0.83228	1.2557	-3.43729	
41.949	-1.92783	5.46783	7.4183	1.76041	-1.9451	6.95339	0.372354	2.70499	0.613273	-1.82607	2.09061	1.50332	-4.16993	
42.9488	-1.45072	3.8191	7.98033	2.19409	-1.49993	-1.14303	-0.617392	-2.82342	-1.22251	2.15482	-0.0441684	2.83589	0.986792	
42.553	-1.68018	3.48228	4.49616	5.51397	1.99977	-5.52535	3.67634	-0.443363	-1.04317	4.4084	-6.60343	-1.72988	3.33174	
43.0204	-1.5921	4.34657	6.14283	5.48824	1.61317	1.24674	2.35096	-1.93493	-2.29934	1.51531	-0.98482	1.10541	-0.636214	
45.5196	-8.14537	7.3663	6.08222	-2.1717	2.22884	2.32373	-4.79456	5.10397	-3.56354	1.84782	1.86573	5.58385	1.94531	
51.2948	-11.5187	15.3342	11.8751	-5.27092	7.02995	8.97013	-2.38602	11.9925	-4.78683	-3.70705	2.44059	8.29678	-2.91969	
51.6787	-10.8122	13.0821	11.4863	-7.06991	3.68968	0.127479	-4.66551	13.5291	-2.79017	4.4615	-0.597602	-2.45637	0.344233	
51.4301	-12.0651	10.6374	9.42762	-7.29066	9.00248	4.17514	-4.15394	10.622	-0.963473	5.74365	1.59786	2.92858	-2.62074	
52.1232	-14.7294	11.4754	12.915	-7.71093	6.46598	5.56583	-15.7477	9.46008	1.36078	-7.917	1.02187	2.2456	-0.0619613	
58.3447	-9.93895	12.8583	10.6375	-1.65518	2.83909	7.25155	-6.75562	6.74708	2.64117	-5.49017	2.54909	0.550192	-3.23486	
65.2105	-10.2195	19.2256	15.9933	-6.51983	1.49512	4.51876	-3.88187	3.31462	0.730677	-2.67071	3.17357	0.978333	-0.588091	
65.8374	-11.2601	19.2759	17.1585	-7.69372	3.74082	3.72046	-3.53233	4.82698	0.526419	-3.96684	0.10846	-3.04214	-5.43034	
66.1413	-11.993	18.3792	18.4382	-6.5938	2.72417	4.40151	-2.62241	4.97089	3.68647	-3.13621	-2.00597	-4.84927	-7.13094	
66.617	-12.508	17.3694	18.602	-5.32364	3.77619	3.94798	-4.5132	4.41144	1.90208	-3.40869	-2.06636	-3.27937	-5.93025	
66.9886	-12.3846	16.4008	19.4849	-4.97932	4.2323	5.08139	-3.88979	3.81678	0.137861	-1.73262	-0.690472	-2.52653	-5.87384	
67.6514	-12.0819	14.8765	19.1086	-5.23162	3.87387	5.78037	-2.80453	5.31915	0.649918	-2.45556	-3.08488	-3.38805	-7.00296	
67.3059	-11.447	15.1221	19.8775	-6.06865	5.67635	7.30759	-4.01645	3.94604	-3.20422	-1.6945	-2.19668	-4.70724	-6.88496	
67.2757	-10.8595	14.0509	19.5085	-5.26075	4.79595	6.23484	-3.79779	4.4495	-1.61999	0.855459	-2.33029	-5.11977	-5.91611	
68.0888	-11.3099	13.9827	20.1708	-4.09105	5.37751	7.82121	-1.5107	6.19943	-0.74276	2.4501	-3.71488	-4.70441	-4.92415	
67.5062	-10.5827	13.064	21.2353	-3.53687	4.13491	5.73251	-2.20564	4.36862	-1.29168	0.532027	-3.3874	-1.67887	-3.93254	
67.0037	-9.58167	12.2857	20.2115	-2.55775	4.80002	6.02251	-3.48142	2.5236	-2.47437	2.39917	0.409275	0.717493	-4.48175	
65.0703	-9.94664	12.5155	21.9271	-4.91077	0.99354	5.82298	-2.32196	0.849184	-1.35599	7.03246	-0.389058	-1.66337	-2.71356	
58.4416	-7.97829	8.76976	17.3037	-4.3806	-3.17912	0.623693	-2.47561	2.68162	1.72291	3.81615	0.827042	1.80588	1.12827	
56.1658	-8.10222	10.3367	22.397	-4.93016	2.75311	-0.0098704	-1.94902	-1.92945	1.29065	-4.46499	-4.72729	-0.22096	-1.97251	
55.6727	-6.48408	12.5788	27.8984	-2.27969	5.45413	-0.844302	1.56764	5.67711	-0.986481	1.30038	-3.06791	-0.126742	-2.09555	
55.7171	-6.5176	13.1374	28.0132	0.147079	6.96594	3.55107	-2.19631	-0.676588	-4.96644	-0.878704	-1.28786	-1.71252	0.862356	
59.0225	-4.68399	9.92957	11.5779	-0.90843	2.77268	2.13695	-0.720549	9.03323	-0.512433	-5.43565	1.75338	-0.736804	-5.70904	
61.0859	-7.86478	9.47967	3.0627	2.18583	-4.76254	0.987206	5.51496	13.7275	1.99584	-1.4283	-0.505666	-1.31773	-2.37244	
59.001	-12.1584	15.3558	4.50731	7.16483	3.01102	7.57098	-0.750046	1.52008	-2.81435	2.28438	-4.06741	-3.4633	-0.611295	
60.5384	-13.9093	11.9144	0.856343	7.58545	6.73098	12.0898	1.0279	3.64121	-3.645	1.38363	-7.31706	-5.48723	-0.469763	
60.6622	-14.3989	15.0579	1.56758	5.57601	2.54283	7.56887	-3.08611	10.9981	-9.04092	3.26004	2.78537	-7.72045	1.71516	
60.3487	-13.8324	13.9547	9.48787	0.564542	-0.639021	8.6189	-3.9019	11.2036	-7.26722	3.38068	-3.0994	-6.93265	7.91246	
59.6205	-11.8964	12.1976	7.6414	-4.12717	-6.40142	7.8349	-1.3322	10.1209	-7.77582	10.0845	-4.52897	-5.05049	3.61645	
57.6594	-11.5998	12.2193	12.1814	-4.31584	-8.03424	10.6506	-8.82639	6.06576	-11.2618	9.57514	-4.45032	-4.08702	7.19043	
65.0077	-6.0381	7.46754	17.1612	1.11231	-5.62464	8.4639	-0.810987	4.17927	-4.3375	4.78129	1.0937	-2.82323	2.78393	
69.4453	-5.47551	6.66276	19.2988	2.47084	-6.85175	5.69183	-0.987427	4.90877	-8.33733	1.61969	-2.04685	-9.09844	-3.06034	
70.6747	-4.59827	6.53023	17.8593	1.12714	-7.93226	3.90314	-4.17971	3.64294	-9.09672	0.434987	-0.792161	-9.21791	-0.222222	
70.9527	-4.94991	4.91286	15.4403	-0.805042	-8.80819	1.31223	-5.26339	0.801705	-10.0628	1.59205	2.24606	-3.79408	1.99673	
71.0651	-3.78271	3.41449	11.7957	-3.71355	-10.7743	0.766266	-5.24127	1.89758	-10.3876	0.399814	5.58737	-1.48731	2.22532	
71.2467	-3.16695	1.82174	11.0968	-3.01141	-11.5973	0.424064	-5.4222	2.14255	-9.37872	-0.439026	4.45021	-2.85417	0.941286	
70.3557	-4.12292	-0.08766	8.38993	-4.111	-12.2593	0.251501	-5.14401	1.67255	-8.14665	-0.0698851	5.58969	-2.69981	1.02556	
70.6274	-2.89829	-0.477787	10.0739	-0.579662	-11.2183	1.75801	-4.92723	2.17264	-7.80109	-1.60574	6.29511	-2.6901	-0.201228	
70.2792	-1.88741	0.410202	11.1969	1.38182	-10.4055	2.54445	-4.12096	3.88607	-5.50503	-0.905253	6.54624	-1.41931	-1.51172	
69.3176	-1.45648	-1.14522	12.1667	2.72348	-10.4714	-0.688594	-8.42717	3.25193	-5.19425	-3.26092	3.30334	0.217101	-0.648317	
67.8992	-1.13755	-3.31206	11.0777	6.96155	-9.15244	-1.66907	-6.08977	2.44688	-0.723401	-7.72619	3.62196	0.329541	0.27661	
65.9852	0.145488	-2.89402	11.1846	4.16467	-4.61645	-3.60442	-6.596	2.74959	4.48748	-4.16256	2.98502	0.977675	4.55161	
64.7403	0.644579	-1.12245	13.9339	4.9629	-2.42503	-4.17637	-6.75039	4.43665	3.94106	-1.69939	0.0925767	-3.29239	0.65725	
63.1354	-1.31351	-2.69237	14.906	7.93445	-5.53831	0.152348	-5.06701	7.60072	2.36088	-1.05864	-3.34874	-3.5196	0.363306	
61.5806	-1.5263	-1.68132	15.5661	9.2271	-2.64122	0.202421	-6.55387	0.310961	-1.98162	0.219119	0.201635	0.0547581	6.58478	
61.6993	-2.84493	-2.71044	14.9997	3.49685	-0.250008	-0.967721	-10.4685	1.00696	-1.73147	-2.84935	0.486658	2.27425	6.03418	
62.2061	-1.44924	-1.62612	14.4022	4.34138	-1.1916	-0.267649	-8.85704	7.99738	0.0241541	-1.29453	2.15318	-0.563019	0.225017	
62.5183	0.178684	-1.63948	15.0822	4.56889	-3.50735	1.65623	-6.60399	6.06753	2.01632	-5.87537	1.15884	-2.92382	2.08693	
63.0129	-0.0236103	-0.990997	14.4034	5.11151	-0.84534	-1.04005	-5.30399	3.34001	0.352412	-3.75214	3.03921	-4.08931	1.92781	
65.3164	0.405424	-2.87639	14.4302	6.57896	-5.55946	-1.26373	-3.55878	4.65817	1.37536	-7.77319	2.03846	0.755721	2.75714	
66.3167	0.414264	-2.02465	12.037	5.67653	-6.60183	-3.21034	-4.90249	6.59919	-0.195439	-5.72045	5.09215	0.871145	-0.861399	
66.1124	-1.26145	-3.68711	10.8653	4.15171	-11.682	1.61076	-3.58385	6.86844	-1.52264	-3.08156	7.20251	-0.743803	-0.99359	
66.681	-1.5809	-1.20469	10.7275	3.24885	-13.318	2.67999	-4.44357	5.00844	-3.69577	-1.45051	8.08714	-2.39446	-1.78004	
66.6501	-2.21215	-1.89222	9.25816	3.25267	-12.3734	0.187172	-5.68417	1.48841	-3.62662	0.73861	6.8986	-2.19854	-1.89645	
66.8698	-2.34324	-1.71603	11.1404	2.46303	-12.4173	1.0737	-3.03207	2.67131	-2.74372	-0.174175	7.71796	0.53029	-3.02832	
67.7221	-1.3656	-0.543736	10.3991	0.715135	-11.9028	1.00189	-3.77663	2.761	-4.47709	-0.64981	6.33045	-0.897208	-2.34256	
66.9189	-0.785519	-0.244957	10.0824	3.24126	-12.2986	1.40773	-1.67575	3.28062	-7.59526	-1.42172	6.88638	-1.07972	-0.976389	
65.0457	-0.0970654	-1.94919	9.71451	3.49279	-13.2636	0.786092	-4.79736	2.02501	-5.52728	-2.43665	4.79245	-1.71957	-4.65071	
65.1492	0.155155	-1.5435	9.42652	3.15656	-12.9242	-0.0213937	-5.71875	-0.0220168	-4.66692	-2.87963	4.97223	-2.14232	-4.68183	
64.5001	0.19723	-0.89601	9.49159	3.0149	-12.527	0.254159	-4.35227	1.99123	-3.82449	-0.678432	5.55861	-2.33994	-3.32026	
64.0184	1.13625	-1.33218	9.72239	5.06728	-13.4163	-2.83791	-5.65244	0.372807	-7.85145	-3.45075	6.25146	-2.31326	-4.62537	
61.6804	1.32131	-0.691821	11.0034	7.20451	-9.35865	-3.83069	-8.59987	3.73282	-8.08381	-4.87419	7.42142	-3.04196	-7.3614	
60.9533	2.41146	-0.506849	11.7691	4.99368	-8.41733	-1.24624	-6.24351	3.26208	-5.89977	-7.84446	3.31588	1.03291	-4.45784	
59.9407	3.93761	-1.98425	13.2314	8.6247	-3.75018	-1.76165	-1.92511	5.31547	-3.71575	-1.98009	2.6652	2.92217	-3.51367	
58.642	3.48882	-4.09546	13.3104	7.46823	-0.997155	-1.44893	-4.95253	5.71728	-0.29365	-4.95373	1.82742	-0.228861	-3.23539	
59.7534	2.88849	-2.56536	13.865	4.98529	-2.73907	-6.20796	-5.05788	-1.38843	-0.965741	-3.26337	1.24	-0.644305	-2.15359	
56.7049	4.11663	-1.87279	17.583	5.07181	-3.57616	-2.66072	-3.65608	0.432584	-0.735051	-0.795804	1.65857	-0.315832	-4.28589	
54.6493	2.96304	-1.35705	15.3615	7.90599	-8.6003	-5.29037	-6.37361	-1.93952	-1.22101	-1.16815	4.75342	5.48651	1.2873	
54.1856	2.07583	-0.444179	18.1191	9.97043	-4.41502	-8.30961	-6.23521	-1.02457	-2.50564	-4.6412	5.49987	1.09858	-1.43499	
53.346	2.89174	0.780307	16.4816	8.16061	-8.16227	-5.21706	-3.3965	6.18579	-2.32387	-2.95375	1.0816	3.27131	-0.1769	
52.9656	4.20004	2.11292	16.4885	9.90032	-6.73117	-8.57406	-5.79673	-0.431337	-3.64008	-0.881307	5.6576	0.593186	-5.30076	
52.5774	4.52794	-0.0969866	17.1824	7.9485	-4.63916	-1.87077	-6.26735	4.83928	-0.483872	-0.416571	3.66487	-1.04289	-4.25138	
52.2573	3.92645	-0.264589	16.871	6.56729	-2.00859	3.09601	-2.20935	5.66193	-6.42478	-5.49874	-0.438755	4.27646	-4.1157	
51.3898	3.50627	-1.20901	16.3589	4.71142	-7.32796	-3.3368	-4.21648	4.4643	-1.42967	2.19443	5.05789	3.86328	-5.6755	
51.5357	2.47961	0.816868	14.4748	9.60173	-6.74887	-1.52795	-3.33297	2.9726	2.61611	2.86109	10.4469	6.35953	1.8765	
50.9009	2.7327	1.21817	9.43631	6.71072	-5.33389	-1.21301	-0.189419	4.879	0.492373	2.64929	4.75754	7.5576	-0.304346	
50.1327	1.29958	1.33809	10.5222	5.04147	-8.98555	-0.513312	2.86055	3.33978	7.39398	0.51768	1.59634	3.77016	0.908375	
51.4665	1.25761	1.85026	13.8521	8.75205	-4.76463	-8.13266	-4.64968	10.1714	3.06081	-1.78922	10.3538	-1.91118	-0.47097	
50.9668	0.371016	2.05665	12.2099	10.1232	4.58224	-4.35759	0.329613	2.19681	-3.25472	0.787964	3.55368	1.00808	-1.66276	
49.5825	1.86782	1.8462	14.8406	2.22221	0.944917	-0.44837	2.02813	-0.530215	-0.0373469	-4.31826	-2.13	4.8016	-1.66986	
48.1722	0.636685	2.99027	10.8028	9.11269	0.857848	-4.53795	0.144944	3.70419	-7.55846	-1.1049	2.39145	6.45328	-2.31243	
48.1803	0.493887	2.35291	8.56275	4.98869	-3.94456	-6.61401	-3.18706	-4.4539	-5.81961	-11.2161	-0.358597	4.07937	1.10088	
48.0253	0.00951846	3.11829	9.45848	5.54833	1.22178	-7.00804	-9.09274	-2.15261	-2.97664	-4.76404	0.204026	3.54541	-2.78529	
47.4421	1.04211	4.43533	10.9634	2.21883	-7.3631	-1.25626	0.379398	-0.670107	-0.0769216	-8.91372	1.1612	-1.41111	-3.4389	
46.8179	1.24033	3.59762	11.5658	7.44489	-3.08966	-3.33399	5.04571	-6.66675	0.281673	-3.79195	3.50366	3.6055	-4.67484	
46.7844	-1.05271	0.273819	8.00003	4.26591	0.32277	-2.25196	6.47582	-2.3527	-6.35085	-8.06462	1.75751	-3.32493	-5.37936	
46.9035	0.0308224	2.19037	9.37899	1.84946	-4.70713	-5.07844	-0.704834	-2.41837	0.163864	-10.5807	-1.40914	1.59695	1.05549	
48.9631	-0.455527	1.8474	10.7089	10.3857	1.62714	1.53679	4.39408	-1.77218	-1.63549	-9.29357	7.15583	5.60603	1.85011	
47.4047	-0.00709601	1.36782	10.4232	6.83354	-0.906136	-1.59664	-0.288167	-2.8182	-6.3691	-11.4267	10.291	4.03588	-2.38698	
46.8782	-0.819379	3.83236	7.84689	2.59473	-3.20765	-5.40527	-2.96372	-4.91469	3.45935	-5.07347	5.74403	2.66909	0.909671	
46.0941	-0.519393	4.05359	7.62306	0.891605	-2.105	3.80672	3.76219	1.20435	5.03162	-1.99958	-2.06828	0.453921	-1.98736	
45.5454	-0.604395	3.10773	5.24181	1.89239	-2.70845	3.30852	-1.24623	-3.28823	0.124458	1.05489	1.62576	1.33102	-3.13036	
45.0402	-1.43492	1.40109	6.14601	2.30147	-5.39572	-3.63381	-0.817516	-1.31408	-7.78898	0.231748	2.32161	4.21295	1.08946	
45.4747	-0.237615	4.38718	5.44531	-0.135923	-1.80037	-3.61145	1.60414	3.90797	-2.43594	-1.50492	3.44608	7.78628	-0.902121	
44.5953	0.179578	5.80014	8.13178	0.75016	-1.84131	6.13518	3.66389	1.67666	-0.465004	-3.1137	0.371266	4.26055	-2.94451	
44.5951	0.068642	4.18034	7.6274	1.51267	-4.10224	-1.64317	-2.25873	-4.70631	-3.3647	-2.76403	6.05814	5.35743	-2.41374	
44.646	0.315377	1.6124	6.85538	1.99945	-4.86634	-2.53379	-4.91893	-3.93594	-6.23035	0.257971	0.0954772	2.81687	7.9126	
45.0704	0.432855	2.56098	8.20627	2.07117	-5.48069	1.59463	-2.11388	-4.27579	-2.72967	-5.72811	-0.105301	1.23344	3.42988	
44.7803	-1.74634	2.81133	3.78582	-2.39944	-3.16898	-0.822692	-0.743274	-1.57837	0.609226	-3.33765	7.15766	9.63529	2.64506	
43.9137	-3.13847	-0.323597	2.58204	-3.83421	2.09177	3.3586	-3.79983	-2.72072	1.89202	-0.0476013	-0.90955	0.850348	5.29957	
45.0685	-1.19589	2.59304	6.26138	2.53451	-0.145657	-1.16846	-6.29982	-2.47184	-1.11202	-2.52359	-3.49665	-3.60764	1.96274	
44.3947	-1.95916	3.70821	4.85228	4.66712	-1.19273	-1.98604	-3.48552	-3.91432	-3.24464	-4.70823	-6.4179	6.83676	2.06994	
44.6059	-0.600323	1.58257	0.926637	0.11328	-2.66821	3.19028	0.357841	-2.49806	1.15047	-5.42085	-5.55489	8.68685	2.41855	
44.6394	-1.1835	2.44161	3.68681	4.654	-1.88069	3.23736	0.673733	-7.41181	1.1193	-0.825747	-6.12396	5.91499	4.70953	
43.5242	-0.568735	6.07021	6.78327	4.46075	-1.46061	-1.73051	1.00721	-9.90083	0.214209	2.3995	-2.51404	-1.55845	1.53972	
43.9167	-1.25405	3.19311	9.85725	7.60747	6.19422	-0.685145	-4.7922	-4.64347	-10.4313	-7.36737	-4.7746	2.29914	2.0181	
44.0054	0.307047	5.7918	10.5983	6.21266	-5.17666	3.15988	-5.99192	-2.85233	-5.98764	-1.57742	0.107848	5.02925	0.424719	
43.1887	-1.62981	4.3517	10.8349	7.52875	-6.09052	0.631069	1.78254	-0.523402	-7.44987	-3.85286	0.0544069	1.79745	2.17464	
43.743	-0.221923	2.72636	7.68267	3.14801	-2.48706	5.2156	3.06345	4.25218	-6.85354	-12.0417	-2.54309	1.85949	1.06705	
42.8962	-2.38405	4.70883	7.41487	2.04302	-6.13973	4.96742	2.3035	1.05911	-3.6741	-3.29804	-3.00503	-0.736235	3.24986	
43.2247	-1.29326	7.61295	5.06134	1.35893	0.140146	-2.55719	-0.0220077	-3.52095	-4.96785	2.75763	2.81197	-6.13621	-4.33869	
44.5474	-1.75618	2.69644	6.36591	4.43035	-5.84279	-2.3061	-1.6847	-0.834539	2.10066	2.23785	-0.708853	-0.988928	-4.09835	
43.6322	-2.25082	1.15854	3.03964	2.04642	-2.03687	-0.262541	-6.9572	-5.56305	1.31873	-0.717548	-1.76254	-4.52488	0.108899	
43.2337	-1.55319	2.07003	5.6018	-1.0336	-0.796474	3.97585	0.737242	-1.10174	-3.25028	-2.96651	-5.50711	-3.16734	3.76804	
44.2257	-0.712773	4.81477	7.42923	-3.49932	-2.09892	-0.825439	0.666429	-4.00278	-4.31816	-2.43988	-6.45146	-2.68073	6.46376	
44.1805	0.47458	5.31748	8.92485	2.52478	-0.605058	-2.4964	-2.93756	-2.8939	-4.29137	-5.39977	-4.83578	-0.705843	2.38889	
44.1759	-0.431498	5.05012	7.48898	2.64483	-2.15834	-1.41228	-2.87148	-4.70397	-3.22638	-7.90448	-0.650204	4.65774	2.14212	
43.5957	-2.8824	5.1508	5.4829	-0.356721	-1.01511	-5.42976	-2.22777	5.87173	0.551313	-0.541222	2.95302	3.03712	2.71278	
43.9642	-2.02971	0.158124	5.12584	2.44586	3.82171	3.81247	2.23546	-0.7409	-1.25245	-3.61304	0.15365	2.1659	1.53523	
44.473	-2.0687	1.16974	5.17102	0.560058	-5.7789	-5.59516	-1.47696	-2.14161	-8.7363	-10.4914	-4.31561	-0.948752	-0.696448	
44.862	-0.401455	3.66015	3.81697	2.4218	-1.03717	0.791348	3.26008	-4.43186	-3.96161	-0.864671	-5.84785	-0.917997	3.95311	
44.4921	0.939442	2.56417	3.34767	-0.0702305	0.527104	-5.46815	-3.42964	-2.67403	-5.52977	-1.9476	0.665023	-1.58459	2.02285	
43.895	0.233899	1.13951	7.97201	2.65648	0.128275	-0.0590512	-2.40515	-0.776807	-6.01184	-0.933356	-0.779356	-3.57575	3.02951	
44.2998	0.215473	2.53971	6.32865	1.65069	6.01714	2.9994	3.25666	1.37613	-5.39086	0.642824	0.0926896	-1.51181	-2.53086	
44.2004	0.291038	3.78728	5.4204	0.117206	-0.133554	0.510855	-2.27736	-0.280147	-3.79997	-2.48449	-1.56657	6.50024	4.51476	
44.3037	0.550215	3.05274	6.22504	2.35024	-2.63352	2.08395	1.73156	-1.99688	-2.56461	-2.93819	-4.91737	1.50144	1.94629	
43.8651	-1.61719	3.20221	7.28369	2.60592	-0.757705	5.09094	7.33274	2.1652	-2.15068	-7.10368	-5.70481	-3.55942	3.82282	
43.3524	-2.1767	5.7838	7.20506	1.49442	0.892062	-0.665003	3.29383	0.770685	-4.65606	-1.28185	-10.6986	-0.183308	5.24394	
44.0928	-0.687298	4.07162	4.0698	1.78502	-1.70682	-1.77145	-0.387522	-4.41132	-7.74194	-0.906399	-5.39113	-0.0298215	3.36697	
43.7759	-2.35173	3.33439	9.31112	2.86813	-1.52749	-1.39844	2.91014	-1.9715	-4.7416	0.399998	-3.38212	0.0735088	1.22584	
43.8052	-0.688885	5.0475	8.63668	2.77929	-2.37669	-3.50079	0.834975	-6.28781	-1.6419	-1.12048	-0.482704	3.02907	4.1348	
44.0602	-1.54155	4.44951	9.27791	4.17016	0.0917447	1.20778	-3.09532	-5.34565	-1.85448	0.347901	-1.91669	3.73024	2.06367	
43.6901	-1.35934	4.25177	10.085	6.92816	5.35434	2.43599	1.17746	1.36	-2.99298	1.83812	-9.09383	-9.11804	-3.98111	
44.9883	-0.883736	1.94088	6.98535	7.52771	3.75594	1.82094	1.40835	2.82709	-5.62886	-3.37343	-3.28059	-3.53467	-3.29778	
44.9223	-0.502569	4.10414	9.25875	4.78797	4.2514	5.23643	-2.01109	-3.0927	-5.00268	-2.33037	-5.61412	1.69318	1.3211	
44.6019	-1.70752	4.17531	9.03871	-0.708285	-2.48872	-1.12741	-6.27693	-7.34861	-3.4869	2.30342	-4.12663	-2.68153	2.7542	
43.9331	-2.97678	-0.574428	6.52889	2.90441	-3.36836	-1.6399	-1.93328	-1.07961	0.453396	-3.86883	-5.77444	0.377761	1.53936	
43.8082	-2.00354	0.734563	8.16955	0.205855	2.48895	3.1368	1.24137	0.392332	-5.39001	-1.30577	-3.17645	-0.251019	1.17745	
43.7767	-1.04191	1.19998	4.07885	3.53228	-1.17984	-1.9106	6.93846	0.340403	-5.14119	-4.75555	-6.15701	0.657508	5.43486	
43.799	-1.18083	2.85133	2.91373	4.67239	-1.32367	-8.77979	1.4835	6.09092	-0.928402	-1.67165	-0.861542	0.0430689	2.90683	
44.44	-1.39947	0.310171	6.08225	3.22557	-0.393819	-1.79925	-4.595	-2.6296	0.136249	-1.15604	-3.9148	3.10013	-0.655772	
43.6931	-2.39432	3.33128	6.79853	0.669987	-1.05489	7.72412	5.33218	-4.54702	-10.5676	-11.3367	-6.02016	-1.49116	1.30011	
44.9325	-0.250331	4.37843	6.49869	1.18233	-2.08425	1.77511	0.593292	0.119945	-2.16507	0.862389	0.850154	2.20505	0.866912	
45.0594	-3.12457	-0.700568	5.10385	4.66093	-0.6513	3.06786	4.56018	-3.17492	-1.00665	-4.91943	-0.508257	4.6124	3.68214	
43.6746	-1.40895	2.71397	8.86628	9.03386	3.13622	-2.18977	0.405104	-2.36004	-7.36672	-6.37821	-1.50031	3.23067	1.09916	
43.3033	-1.50739	0.358834	3.3787	2.51106	-4.53554	-2.15043	-5.33496	-4.24742	-9.43867	-9.12054	-1.21091	8.89738	1.83216	
43.4942	-0.862522	3.88158	5.37339	3.18602	-2.59349	1.96065	-6.89371	-0.127361	-2.28616	-3.56304	1.49084	2.29217	-2.50644	
43.7088	0.373494	2.96296	8.58858	3.77814	-1.50101	5.13773	-4.30779	-2.26491	-3.56952	-3.97564	2.0483	3.7048	5.83243	
43.9093	-2.46836	0.817779	6.67224	2.34062	1.58341	6.59215	-1.39103	-2.86438	-8.16766	-3.91331	3.97016	2.14186	3.97511	
45.1189	-0.697368	0.90474	8.26722	-2.28189	-2.27329	-0.91549	-1.51612	-2.36813	-5.79846	-1.51017	-8.36991	1.19511	6.59307	
43.9504	-0.429094	0.841053	8.23094	5.73485	1.32138	-1.0463	6.62957	-2.10113	-3.04439	-4.75747	-1.60985	2.41106	-3.69876	
43.7943	-2.5108	2.25801	2.72359	2.16718	-1.30464	-0.731718	2.43678	1.21727	-4.43827	-12.4839	-7.04386	4.27483	3.61601	
44.0266	-1.78234	1.66199	3.48556	2.83051	0.342274	-4.22566	-9.49156	-2.44973	-7.82537	-3.39356	1.04995	-1.39136	0.79334	
43.6055	-2.31431	0.370951	8.07337	1.38348	-2.32895	-1.40367	-8.4257	-3.25724	-8.2765	0.654069	-3.26474	-0.78759	1.24875	
43.365	-0.891357	0.607831	5.61144	3.82161	-2.70982	3.21434	1.51894	1.50685	-3.14791	-0.135153	2.08278	6.11765	7.42166	
44.1169	-4.34157	0.121438	7.21667	4.89989	0.56512	1.56333	-3.37306	-0.741854	3.97065	5.16257	3.81023	2.1136	2.25788	
43.1788	-2.74432	1.28358	5.3912	2.13315	2.80233	-3.12435	5.32194	4.2179	1.58054	1.91402	-6.46635	-2.09711	3.07242	
43.2004	-2.2725	4.43249	6.34835	-0.536446	5.92177	0.181152	0.118223	-0.485379	-6.27815	-0.00746462	-1.12668	2.91139	3.96595	
43.4958	-2.24406	3.74656	7.18336	-0.338836	-0.818954	-0.760952	-1.99852	2.07117	-3.68315	-2.31357	0.0348751	0.430556	0.626047	
43.6105	-3.07594	1.65768	8.07898	2.36801	-2.82677	-5.26158	-5.00083	-5.75452	-3.15485	2.1235	-1.96415	-0.205723	0.423403	
42.9875	-3.37697	3.9016	5.79638	-0.0614712	1.86863	-6.26559	-2.16084	-1.53187	-5.55777	1.67546	-3.39715	2.38341	1.81631	
42.6773	-3.65868	2.69197	6.23428	2.3001	0.9167	-1.10956	6.06941	0.821654	-1.35703	2.72842	-3.22356	0.13935	-1.13265	
42.7059	-1.86982	1.13952	4.65084	-0.404424	-3.93123	-4.32543	0.577892	-4.04786	-0.134782	-2.83407	0.130499	6.21987	-7.55765	
43.7157	-1.03937	1.69749	6.3381	-0.14537	1.82369	-1.61642	2.19745	1.33517	3.87753	1.70355	-0.456002	1.78175	-2.34704	
43.1679	-1.53569	3.91631	8.28971	-2.0404	0.469192	-0.290743	0.164202	-2.19005	-9.60961	0.396485	-0.166343	2.4585	-0.550997	
42.5465	-3.41963	1.69092	7.22375	1.72186	-2.39193	1.81054	-0.300989	0.0504762	3.7624	4.93185	-1.01457	-2.35086	3.7754	
42.8022	-2.54585	1.44334	8.21256	3.77988	0.497179	3.07039	-0.667986	4.95662	4.4555	1.05646	-2.91089	-2.15706	1.57048	
43.491	-2.81706	1.59067	7.52305	2.3332	-1.33153	3.57761	-1.44196	-2.06349	2.02983	-3.3963	-5.88095	-3.31566	2.55511	
43.0498	-2.24825	3.07942	7.23706	3.11695	1.2756	-5.10031	-3.01164	-2.08752	-2.23247	-5.0209	-1.92199	2.75498	-2.24574	
43.6153	-1.65058	0.22051	5.45081	-2.04294	-4.28749	-2.72889	1.06139	-4.59988	-2.97976	0.357011	3.21287	-1.72008	3.35532	
43.6736	-1.11726	2.58916	4.64239	4.17078	-2.96815	-1.97086	-1.324	-2.09249	-3.7647	-0.726569	1.42413	3.87639	0.431061	
43.1019	-0.803933	2.17057	6.39455	3.52666	-5.00178	2.18563	-0.00303588	4.2296	-3.72132	-5.37386	-3.47868	1.95659	1.4155	
