3.92862	-4.27162	1.82548	1.96332	5.25784	5.39393	3.00498	0.880036	-1.22252	6.2666	3.11722	-1.41585	-3.62975	-5.57569	
19.1304	-3.65331	1.52233	2.12136	-1.4813	-4.11291	1.93527	-2.7804	-4.37623	3.36933	0.274234	-6.19282	-3.22654	-2.36773	
23.0549	-4.56538	1.4419	-0.161315	-0.109829	-1.09771	-0.480617	-1.68859	6.73223	3.19691	-3.9654	-2.86355	-2.49612	-4.81072	
26.4463	-0.935898	3.03215	4.02885	4.78746	-3.29351	-0.952902	-1.63936	6.37911	1.76695	5.82489	4.85585	-1.05128	-2.29073	
28.6241	-0.658249	2.43573	1.79554	2.58654	-6.87945	0.238749	8.00933	11.8844	4.27684	1.17947	-0.0356978	-1.33253	-0.656811	
28.9826	-3.55879	0.218438	-0.0657933	-2.20346	-11.7792	-0.935288	6.07124	7.17516	6.01043	2.66399	0.513715	5.23319	4.09632	
30.979	-4.04598	-1.78962	4.91621	11.8433	-3.18808	-4.45464	-5.46895	-3.03496	-2.30697	-3.30662	3.09774	1.6235	0.898792	
31.3419	-4.32724	0.604092	1.3905	6.71189	1.50231	-4.25624	-4.25505	0.513867	-1.01991	-1.42869	-0.264649	2.38752	4.89468	
33.4036	-4.38061	-0.480739	4.12407	4.43242	-0.864079	-0.800791	5.42568	-0.618568	-4.06061	-1.01885	2.94009	-0.07835	1.31841	
34.0412	-2.55316	0.143698	4.95911	3.65348	0.710663	1.8609	0.29752	1.40637	-3.12968	-2.78647	-5.78311	7.16626	2.77764	
34.5301	-2.50828	-2.41722	2.73238	6.84165	-1.33096	-1.2366	1.17968	2.50568	-5.75604	-4.51601	-0.910732	-0.861876	3.62683	
35.6414	-3.57579	-3.32003	4.06197	-0.322119	-1.75824	-5.24847	-4.10934	-3.77419	1.56391	-1.26564	0.302521	2.76862	1.54809	
36.5328	-3.62683	1.55786	4.95927	1.34258	0.439875	2.51466	-5.24655	4.29674	0.322662	-1.68074	-4.54834	-3.34831	-0.824368	
36.145	-2.72143	0.490908	0.607694	3.97545	-0.932402	-8.30825	0.884985	1.38286	-6.03566	-1.33516	-4.94077	-0.455304	-0.564627	
36.7401	-2.10565	-1.0113	-0.65683	5.47696	-1.11249	-6.83257	3.13305	6.65882	-5.41867	5.41134	-5.16392	1.65988	3.371	
37.4668	-3.32088	-0.603055	4.70897	3.99475	-2.61844	2.61902	-3.93981	-0.527648	-0.365278	1.59685	-1.83234	3.42839	1.55339	
38.4749	-3.31147	1.91477	8.99191	3.29256	-0.48202	-0.372573	0.166329	2.82038	3.70058	-1.98389	-3.0041	0.449733	-3.76378	
37.9928	-4.11556	0.0812703	2.99034	-2.75544	-1.53119	3.11238	2.37715	3.55332	-2.58885	-1.92586	-1.6384	0.945019	0.786693	
38.4036	-1.53842	2.66103	3.47771	3.55701	3.1362	4.29332	2.4467	5.09066	1.84612	-1.17955	-7.8677	5.79654	-4.60689	
39.4054	-2.30049	1.83108	0.883362	4.4078	1.73412	-0.715115	-2.15822	1.90509	-3.40417	-5.70304	-0.687432	-2.89688	-3.35559	
39.8771	-1.50679	2.37448	0.892595	4.6336	2.33913	4.42313	5.47446	4.56468	2.28342	-0.179028	-5.86466	-1.91735	-1.59278	
39.1399	-3.36925	2.74423	5.53986	1.80525	-1.51968	-0.172424	2.00452	2.02575	4.35656	-3.17527	-2.7607	-1.49931	-3.95048	
40.5743	-1.85963	0.740096	5.30687	0.453867	-4.0236	2.78006	2.2692	-3.21506	-2.34596	0.516576	4.00641	-0.906846	-0.355994	
40.6208	-1.99875	1.74163	2.86214	5.54763	-3.08215	1.30089	0.612564	-2.86433	-4.01076	-1.35882	-3.05634	-2.22621	-1.45891	
39.8972	-3.07846	3.13343	3.51663	3.03805	-3.68618	-3.89162	0.23818	0.847647	-5.33739	-8.84254	-2.56943	0.413609	3.08305	
40.5231	-1.80775	5.92818	5.70498	0.348456	-2.6478	-1.26605	-1.78149	1.72707	-2.66061	-4.59616	-2.16747	-0.114075	-1.65167	
40.7295	-2.68518	2.39751	7.09998	1.04044	-3.60672	-0.60071	2.23324	-3.90256	-6.51052	-3.21282	-2.35832	-2.91178	1.39925	
40.2007	-2.73184	1.83606	6.68018	1.28944	-1.33391	0.208754	4.00747	-1.19825	-0.852777	1.5401	-4.03355	-9.02232	-2.5139	
40.9183	-3.07993	0.87692	6.44351	0.439791	-3.97477	-1.31998	4.36015	-2.40614	3.48717	-1.16743	-1.40537	-2.88019	-5.13214	
42.2339	-1.9051	0.923217	5.13027	0.0738798	-2.78416	3.43677	-2.04991	-1.77662	4.17512	-5.26975	4.19502	0.0805004	-3.50501	
42.1137	-1.5689	1.58038	6.58891	3.71596	0.071853	-0.55587	-8.38427	-0.318698	-1.56825	-1.0761	0.0221366	6.8726	4.98953	
41.9194	-1.97759	2.66994	3.84463	3.48584	-1.45524	-10.0225	-8.16759	4.89292	3.70689	-4.56513	-4.68862	-3.03422	-1.62516	
41.2878	-3.57776	1.21846	3.86069	2.50963	-3.18535	-6.15521	-4.46371	0.585482	6.08814	0.198626	-1.76583	1.70278	-2.69971	
41.0415	-2.52032	2.04934	5.32898	-2.06238	-1.58381	-4.80303	2.14623	1.02322	3.00042	-3.7323	-5.95337	-1.59464	2.75043	
42.2814	-3.29738	0.69349	6.31004	4.64647	-0.551718	-1.71184	-2.52629	0.743368	2.61766	0.48552	-1.90111	-0.825539	0.0966128	
41.7309	-2.34072	3.57925	6.11458	4.52009	-5.05678	-0.524593	-0.731486	0.957127	2.41853	-2.07739	3.18279	2.33118	2.9047	
41.5064	-2.54187	1.17335	1.38345	2.56782	-1.76102	-3.30286	-0.309611	5.54034	-0.679985	7.49478	-1.47388	0.307804	-1.65781	
42.9243	-3.17106	1.81328	3.84559	2.22249	-1.03571	-2.52538	-3.57314	-0.327505	-0.0618743	3.89857	4.05524	1.69958	2.50756	
41.4655	-2.72528	-1.35554	7.75393	1.72365	-2.47777	2.59345	-1.17835	-5.60007	-3.00768	-1.31513	4.52558	2.81917	2.96521	
41.8216	-1.83361	3.37976	6.64893	3.52243	-1.32023	-0.533395	-4.2459	-7.10002	-3.65948	1.6147	5.48224	0.116815	5.51048	
41.6762	-2.47227	2.07129	5.80207	3.58889	-7.14083	3.29774	0.322991	-4.33333	-0.568814	-0.809995	1.55994	1.26862	6.44914	
41.9758	-2.88824	1.34786	3.78351	6.02674	-0.42447	1.42575	14.1622	4.84039	-0.620603	-4.10237	-3.44892	0.587219	3.88731	
43.173	-3.89544	3.89229	5.08765	1.69834	-3.65827	-0.106914	0.482168	7.45684	5.20455	-0.87726	-3.96774	5.4534	1.01686	
48.7381	-6.45459	10.3078	8.65313	-0.746617	0.990938	13.4566	-6.91648	13.6087	-3.44236	2.46968	1.62827	6.24178	-4.18829	
53.0758	-6.691	11.6747	11.2732	-0.295268	-4.06502	11.8831	-13.0992	11.0022	-1.19518	-0.902825	-3.94167	4.74794	-2.24624	
52.8641	-4.89643	14.816	11.8859	-0.358209	2.70963	11.9043	-11.8759	6.84131	0.401974	6.31405	-0.90194	2.62521	-1.23343	
52.5226	-7.34584	19.1585	16.2846	2.30783	9.33428	7.33552	1.50595	15.0122	-3.26198	-1.18374	1.72997	4.79885	-4.93154	
51.937	-6.87913	14.4991	15.6297	4.67159	14.807	13.4221	-6.67149	9.90955	-0.0219457	7.85152	0.308179	4.89051	-0.716539	
53.3949	-7.39983	13.3167	17.1432	1.2988	8.50353	10.5083	-9.33625	12.0013	-0.44659	9.03127	4.85359	2.37092	-6.31919	
52.6021	-9.95614	11.9194	12.9497	-3.94906	5.28883	12.1694	-7.11411	14.9221	-5.8929	5.6524	2.31265	0.240487	-0.426793	
59.4942	-8.87839	14.0949	12.5372	-4.88586	5.63943	6.71246	-5.03694	11.8901	-4.66811	6.94773	0.122111	2.73253	-3.16262	
63.8303	-9.33713	13.5552	17.1231	-0.65436	8.87174	10.2414	-3.61899	9.44105	-0.885902	3.57638	1.95708	1.3832	-4.55769	
64.0622	-10.4342	13.8817	17.7371	-1.87534	7.06463	11.1223	-2.80407	7.57343	-2.45897	1.82024	-2.07475	-1.20794	-4.97117	
63.8515	-9.56803	12.8653	16.0048	-3.04315	8.16624	11.4697	-0.506975	10.5156	-0.0789325	3.77352	-2.51155	-1.70569	-6.31313	
65.3112	-10.3659	13.0055	15.8565	-1.8803	7.51395	9.95831	-1.63776	9.49588	-2.55705	2.84442	-4.57723	-1.93711	-4.84087	
65.3759	-10.1377	13.2651	15.8192	-2.26433	5.67706	8.60822	-2.80365	9.0288	-4.03108	2.67788	-5.12265	-1.27001	-5.40677	
65.1207	-8.39352	12.5428	17.027	-1.77848	5.62097	9.64905	-3.4029	8.48941	-2.15509	3.20059	-6.08251	0.106074	-7.03903	
65.0318	-7.80745	11.9987	15.8975	-2.33463	6.1167	10.7937	-1.26911	7.38762	-2.25225	3.66458	-6.92381	0.277694	-7.41286	
64.6506	-6.88156	11.7079	18.2995	-1.84129	6.86464	12.3815	0.223643	7.34707	-3.4126	3.50503	-5.65691	-0.0619716	-7.28289	
64.1943	-5.53715	11.1543	17.1636	-1.88127	8.17601	8.88434	2.204	5.38223	-2.73491	4.89763	-8.64352	-0.201456	-6.37449	
63.1913	-4.8507	9.69444	18.8715	-1.31199	8.42489	8.33839	-0.582143	7.30836	-3.29297	4.65976	-10.9027	0.108881	-6.52433	
62.1748	-5.54262	9.65767	18.8024	-0.00387282	7.72607	9.53874	3.91905	4.83453	-3.15552	6.76104	-9.74371	0.104606	-5.53965	
59.9361	-5.46157	10.442	22.5514	-0.449663	5.20164	11.7007	1.47045	4.58973	-3.43775	5.57178	-6.50141	1.26838	-4.6359	
55.6026	-5.69865	11.9458	20.2629	1.69824	6.08534	8.06379	-3.899	5.77526	-8.03577	-3.0385	-2.49761	1.17677	-4.99065	
53.8098	-6.19757	10.3228	22.3622	2.19036	6.10967	1.51139	-6.96043	1.89185	-4.50222	1.57279	-4.74531	0.708609	-1.09553	
53.6882	-5.7397	10.5021	25.5324	4.65873	8.20135	5.52807	-3.01691	-1.90329	-3.07844	1.48059	-3.44063	0.698082	-2.23409	
54.6278	-5.48329	10.7095	19.2477	5.5501	7.90769	13.1495	0.279006	1.53307	-3.70121	-0.274667	-6.28101	-0.432717	-4.99405	
54.7827	-7.13596	13.4858	14.7414	4.88985	5.86101	14.537	0.0298975	10.2376	-3.82227	1.41972	-4.4165	0.442867	-10.0845	
54.5479	-8.98575	19.0374	14.4955	6.88708	0.27579	12.5565	-3.96933	9.56407	-4.24083	-5.26134	-4.48945	5.91264	-6.75737	
54.7435	-9.99007	18.47	10.732	11.6904	1.32658	13.7162	-3.47434	4.72455	-1.56787	-3.81924	-4.69736	3.77756	-4.25695	
58.1009	-11.4855	14.6575	2.77925	6.90253	-1.88063	14.8264	1.20835	10.229	-5.92345	4.78219	-7.63499	-9.34055	-2.32297	
58.7726	-11.876	7.76983	3.26421	4.68289	1.84765	13.3973	-3.39829	7.88192	-6.28735	10.2775	-6.35283	-1.99906	3.54695	
56.582	-10.2609	10.1132	7.46287	-0.52981	0.783569	12.7476	-3.71159	2.54489	-7.89071	12.7478	-3.25228	-8.33713	1.59949	
57.0718	-6.01231	9.25604	8.18632	4.2102	-2.35154	13.279	-5.01444	11.0337	-8.19809	11.4299	-4.81739	-6.25201	1.79248	
65.6753	-3.55538	3.93785	15.2714	3.41367	-5.83752	6.94779	-1.23148	7.19269	-9.81931	8.01138	-0.895044	-4.07133	-0.171716	
68.5937	-2.74586	3.36073	15.4598	5.45055	-7.62364	4.69974	-4.73949	5.79182	-13.7667	4.33757	-2.14204	-8.67517	-2.94063	
69.3001	-2.59018	3.49188	13.076	5.08275	-9.85849	3.37089	-5.59251	3.10265	-14.9902	1.93281	0.139003	-5.10967	-0.12141	
69.3885	-2.49747	1.198	10.9141	2.41356	-12.6526	1.91341	-7.4204	2.6595	-15.0666	0.100265	2.0803	-0.508568	3.46379	
70.2481	-2.38022	-0.140834	8.63117	-0.970547	-13.5989	-2.83899	-8.01941	2.91254	-15.0777	2.03938	4.04527	-1.79651	2.61164	
70.5605	-2.43981	-1.46698	8.16318	0.50861	-11.6604	-1.09746	-5.37946	4.75981	-11.6292	3.61931	3.78134	-1.54036	0.293619	
69.916	-0.385827	-2.89751	7.97103	4.26342	-10.3553	1.96604	-4.38868	7.02045	-7.2737	3.24779	5.03719	-0.445929	-1.66786	
70.0288	-0.730655	-3.90938	8.83547	3.62934	-10.9362	2.05547	-5.96034	7.48181	-7.52595	0.552707	3.70265	0.231347	-0.814338	
68.6024	-0.00120108	-5.27007	6.44136	6.01891	-14.0802	0.7377	-8.2155	4.10158	-8.09409	-1.92095	2.81709	0.878663	-0.868957	
67.6638	0.678773	-5.92527	8.56224	7.08621	-8.03687	-0.766364	-6.69905	6.76836	-6.18081	-3.12968	3.01785	-0.914902	1.73438	
64.5268	1.29354	-4.52669	10.0946	2.74966	-4.13997	0.809576	-10.6908	7.03574	-2.10634	2.3186	0.514422	-0.253192	2.75592	
62.8702	0.0906704	-1.59821	16.0698	6.96355	-8.26983	-0.0152325	-7.91318	4.98953	-2.46876	4.1415	-2.46659	-2.88166	-1.94268	
61.9977	-0.844393	-3.64094	16.0165	8.8557	-6.87011	-0.657687	-11.6558	9.0268	-0.504728	3.62327	-1.78425	-3.43411	-0.292592	
61.9821	-1.18504	-1.98571	14.8636	9.49848	-3.37852	-0.824731	-9.46013	9.10971	0.586505	3.641	-0.789321	-2.37323	-0.938578	
61.2098	-0.590843	-2.35369	14.8463	9.71014	-3.7006	-1.42029	-9.41259	8.95064	-0.622025	4.27946	-0.913721	-0.872888	0.96575	
60.5972	-0.521939	-2.01828	14.9572	8.54006	-4.12321	0.330324	-11.7739	7.36474	1.17219	-0.638035	-0.675554	3.33394	2.74477	
60.4782	-1.90579	-3.09034	12.34	5.06382	-4.50492	-2.61233	-7.61892	13.4042	2.56321	3.4283	1.10808	3.56645	1.43448	
62.6034	0.0307913	-5.15685	7.71312	3.30227	-3.9204	-0.542196	-13.0537	3.73609	-0.267716	0.0106424	-0.730077	2.22728	2.98244	
65.5876	0.199462	-5.67217	7.72758	6.09029	-8.82145	-1.1366	-9.24732	4.86908	0.985096	-4.21218	2.45416	0.221062	3.37664	
66.5769	-0.131127	-6.1468	7.00036	5.39103	-9.73246	-0.101469	-6.82256	9.04911	-3.30653	-2.71448	6.21863	-0.4703	-0.348955	
67.7669	-0.190179	-5.34017	6.53321	4.4483	-12.3851	0.782338	-5.89875	4.96898	-7.25472	-1.85666	5.59465	-1.02295	-5.13907	
67.8512	-0.231197	-3.66986	7.10017	3.39634	-12.845	3.32018	-5.5521	3.71518	-6.86273	1.37878	4.882	-2.16121	-3.40972	
68.1302	-0.685161	-3.21966	7.17165	3.62242	-12.2411	2.86484	-1.19043	1.4371	-5.89982	2.91834	6.69657	0.0684606	-2.24361	
68.7068	-0.740006	-4.50381	6.59537	1.58629	-13.4689	0.818378	-6.26411	2.59614	-7.49858	0.842904	5.13518	-0.709066	-2.34166	
68.273	-0.0976417	-5.31301	6.57879	4.51969	-13.7115	2.00299	-4.92232	1.7328	-7.39341	-0.820211	3.75709	-0.69714	-4.35462	
67.9909	0.455649	-5.73138	7.04561	4.95135	-12.9086	-0.00715279	-6.61364	1.94202	-7.17782	-2.26556	6.32108	-5.01135	-2.89146	
67.773	0.43791	-4.76686	5.37186	3.62424	-11.5031	-1.38123	-8.33301	3.12428	-9.16207	-2.56541	3.51625	-3.05919	-3.93392	
67.7292	0.203556	-5.63093	6.09843	3.83948	-11.4458	-3.28786	-7.53046	2.49188	-6.7936	-1.42212	1.26809	-3.57147	-4.01075	
67.2046	0.249903	-4.50941	7.41128	4.32457	-6.68398	-1.81933	-5.72325	5.05989	-4.34973	-0.337762	2.5335	-0.223351	-5.16621	
66.745	1.44796	-4.94051	9.26461	4.55404	-9.55483	-1.30311	-7.00925	4.05156	-2.08085	-1.92252	5.98699	0.782882	-3.43888	
65.9699	1.66854	-5.75618	8.02993	2.89411	-3.36538	-5.75058	-8.62256	-0.528104	-1.21036	-7.2135	-3.57359	2.8187	-4.97824	
61.3957	0.60819	-5.42792	14.0445	5.85565	-3.9838	-2.26126	-5.9552	4.63029	0.0520516	2.51376	-6.5292	0.390272	1.18165	
59.5461	-2.08738	-3.23676	14.1545	9.09281	-4.92432	-3.91811	-6.58637	1.71024	-6.13838	7.45081	2.51298	3.25023	-3.17421	
59.4136	-1.95768	-5.8072	13.7962	4.17153	-5.9855	-4.09114	-8.60756	-0.576388	-2.17878	3.05948	5.37569	6.49391	-2.72658	
59.8437	0.318337	-3.08188	13.1996	7.21181	-6.34372	-7.96758	-8.50081	2.76735	-1.80901	1.11672	0.566056	4.06924	1.35701	
58.9571	-0.715973	-2.84997	13.3964	7.93287	-5.4203	-8.90664	-7.79643	2.06017	-5.78602	1.06701	-0.0876978	3.4684	-3.59508	
58.5558	-1.51458	-4.68989	11.1865	4.6346	-2.57547	-7.16124	-4.4673	3.87791	-6.28628	3.20125	1.798	4.42409	-0.895944	
57.243	1.12279	-1.88499	14.4508	5.83225	-1.41233	-3.68143	-6.41445	1.94708	-2.58687	4.52501	0.536874	5.09537	-4.73433	
57.3372	-0.513859	-0.0217716	11.6666	6.38324	-1.40576	-5.31604	-5.53901	4.67246	-3.37663	5.86664	3.70297	3.90414	-4.24752	
57.4007	-1.21028	-0.519971	12.516	9.36217	-2.97676	-3.30812	-7.10876	2.65463	-2.69568	-1.83829	0.436166	3.48333	-4.48565	
56.7339	1.18345	-1.11014	12.9423	9.37692	-1.26917	-5.35333	-6.26331	-1.90492	-4.31159	0.478146	0.3442	2.29903	-0.562755	
54.0162	2.63281	-0.47753	10.1763	9.83477	-0.379768	-5.09053	-5.03679	-2.20284	-3.74034	0.976852	2.93501	4.96762	-5.12622	
54.4904	2.48341	-1.85435	11.7643	8.07895	-5.54455	-1.63702	-1.72522	6.04879	-0.407428	4.44253	4.30594	4.7409	-0.631953	
53.1376	1.41497	-1.79691	11.0538	4.83112	-2.90511	-4.25804	-1.23419	3.56458	1.58085	-0.38022	3.98465	8.3307	4.26229	
52.4865	2.67548	-2.4824	13.1243	5.13809	2.68056	-3.9186	2.24596	-1.17672	-4.35839	-1.52734	4.33705	8.26844	-1.32428	
51.7451	2.49269	-2.33865	11.585	7.39522	-3.10041	-0.709331	-0.485998	-2.16746	-2.53495	4.28491	5.97151	0.304166	-1.29114	
51.4033	2.41338	-2.97324	10.5021	9.60801	-4.90229	-0.928255	-3.6359	5.25709	7.35804	0.765745	6.6313	-0.55711	-8.0024	
50.9062	1.55182	0.0840102	10.4483	6.61077	-1.96261	2.75209	-4.0208	-0.854288	-2.16359	-2.55112	2.05561	-0.279286	0.00433464	
50.437	0.815604	-0.317072	7.61441	5.45217	-0.647858	-4.49132	-0.797619	-4.51601	-3.5092	2.00936	5.40622	0.273054	-2.78701	
49.3453	1.66104	-1.54366	9.8068	8.76367	-5.87644	-7.71133	-0.960097	-2.27632	-1.57288	0.558534	6.74554	1.06499	-5.88655	
49.4794	2.25355	0.727682	11.4587	8.8062	-8.61699	-6.06998	-0.284083	-4.20087	-9.13614	-1.48592	0.992637	1.17254	-2.66927	
48.2632	2.95441	0.917562	11.0383	10.1306	-2.61141	-2.08989	1.36542	0.853401	-1.65181	2.85971	-1.03365	-1.35623	0.703527	
48.7596	1.48817	-1.00176	10.1544	7.51331	-0.740382	-0.495251	2.08748	-1.63844	-4.93361	7.69013	1.62557	0.146212	1.76168	
50.255	1.16212	-2.16111	10.1684	6.66	1.69499	3.42253	-0.0608682	-1.91098	-2.71169	7.14304	3.92693	3.02144	-1.83009	
47.7807	-0.0386969	1.12455	11.0277	7.99395	-0.940054	1.71554	2.75444	5.85903	-4.8902	-0.98937	-1.49208	-3.43646	1.35522	
47.521	0.194962	0.384454	4.75386	5.00804	-6.80637	2.44203	5.5756	-7.29198	-4.04932	7.07255	-1.87407	0.607749	1.85648	
47.0883	1.62508	-0.693113	7.91553	-1.22792	-3.51441	-2.91957	-7.12006	-2.29732	-0.000998371	2.62536	4.02225	1.73052	0.139476	
47.7805	2.63326	-0.447255	9.62763	4.11488	-6.56489	-5.30592	0.690406	-5.4824	-4.18515	-4.04028	2.68174	4.35447	-2.58907	
46.5039	0.850639	0.188971	1.91042	3.45911	-5.91076	-2.73928	3.91564	-1.8076	-0.93359	-0.553415	0.918314	7.65895	1.0376	
47.1273	1.79671	1.29313	6.62359	2.00909	-5.41959	-2.25337	1.8202	0.398477	2.98447	-1.77505	1.32028	2.31262	1.2593	
46.3732	-0.0340926	3.26174	5.33161	3.14577	-3.98531	-2.56141	2.26705	-0.499272	-1.29026	-3.3871	1.93002	-1.78053	-7.42293	
46.1774	0.549128	2.09834	6.53481	11.7873	-3.65686	-1.49398	2.0357	-3.89787	-2.1781	2.71038	4.38665	0.0228176	-4.0365	
46.036	-0.109117	1.83038	1.95969	2.8979	-4.5063	-3.12905	3.14441	0.634219	-2.76329	-0.963813	-2.84593	2.86385	2.04377	
45.72	-1.6317	1.84722	7.16081	4.80306	-6.11783	0.204761	-0.72513	0.0544629	1.87129	4.06112	0.0661227	0.858457	-0.0585861	
44.9995	-0.501072	0.558682	6.24117	1.99853	-5.28885	-2.38343	-2.73254	-0.161367	2.12337	0.282687	2.5172	0.970412	-4.39396	
44.1085	-1.08438	3.77424	4.57492	1.82324	-1.25493	3.77822	4.01167	0.745609	-1.03493	-1.68077	-0.887811	6.16148	-3.28058	
44.6439	-0.303039	1.21098	4.16139	1.96247	-1.86569	-2.18048	-1.64616	2.90307	0.0332135	0.365817	0.150349	5.9026	-2.60629	
44.9833	1.61972	3.23459	6.39428	4.4442	-1.57116	0.580326	-3.52352	-1.39895	-1.83852	-2.9255	4.24795	-4.29338	-3.34777	
45.1035	-0.342946	3.80546	7.74713	5.31766	-4.5952	-1.46345	-4.43431	0.787948	1.37777	-2.00933	1.34785	4.37887	7.18514	
44.268	-1.12617	3.38258	6.51671	-0.88693	-3.9469	-1.74107	1.02978	-2.98645	3.85927	6.25462	0.480315	1.96791	0.964795	
43.7206	-1.7802	1.45689	4.52356	2.73729	-2.80334	0.407053	6.20009	1.84022	2.7088	-3.19305	-1.91232	-6.26587	-3.25147	
43.8742	-0.887739	3.31461	4.30208	2.23021	-6.66086	-3.61417	3.68968	0.886331	-1.24067	0.0249266	-3.67802	-2.70936	-3.53029	
43.1805	-3.51295	3.42961	8.55084	6.71108	-4.31268	2.26583	3.75651	-5.20131	-0.627371	1.1937	-4.55197	0.211206	0.414014	
43.6394	-1.89122	2.83461	5.97879	1.18681	-3.46033	-5.897	-4.27777	-1.08909	1.41753	3.94595	-1.54884	0.778047	2.87954	
44.4207	-1.11276	1.1273	3.66023	0.612821	-3.94707	-1.74209	-1.49054	-5.82781	1.09554	2.25115	-1.11376	-0.633305	-2.78604	
44.1908	-1.88616	-0.0591472	4.1103	4.53011	-3.91721	5.02269	-1.15233	2.28529	1.90887	1.67895	-0.130533	1.51836	5.39076	
43.4671	-3.53676	-0.13738	6.96037	4.56746	-3.30216	0.125987	2.64044	1.59187	2.49455	-1.84062	3.53708	2.91254	5.27388	
43.1537	-1.25645	2.76365	5.25535	6.14377	2.25607	1.2111	3.42294	-3.63377	-3.15321	-1.53711	-8.7528	0.265637	2.4759	
42.4524	-2.40538	4.63834	2.97491	3.296	1.48625	-0.545146	-4.18222	-0.0586459	1.73949	2.37587	-0.597591	6.22543	-0.989238	
43.0549	-1.85066	1.97718	3.13914	4.90876	-0.778236	-1.79286	3.37091	2.07851	-0.339035	-3.15161	-6.66978	-3.98786	-0.110441	
43.5898	-2.69999	-0.315786	4.08724	5.3085	-0.873719	-0.646374	5.87631	0.104657	1.0634	-4.32926	-6.35139	-1.736	-0.126484	
42.6228	-3.59241	1.11261	4.4002	5.28845	0.506291	-1.79396	-4.95382	-5.82226	-4.82365	-0.147098	-5.46391	1.87979	6.40131	
42.883	-3.15067	0.0509465	1.81265	-0.66429	-0.354008	0.0487918	1.99856	-2.76009	-3.16884	1.69687	-4.20354	2.13371	-1.81539	
42.7859	-1.43427	4.62572	4.34031	2.70377	-0.746158	-0.254823	-2.2556	3.55862	-6.51765	3.78967	3.15488	1.84856	1.65579	
42.3434	-2.04671	3.9012	6.18883	5.54013	0.77599	-2.15732	-4.09493	2.05083	-7.86103	-4.91001	0.131385	3.38639	5.77468	
42.5065	-1.85174	2.4235	6.20489	5.73983	-1.10595	-7.25598	2.96232	0.233847	-2.66124	4.12826	-2.18806	0.208663	3.89048	
43.6226	-2.97492	1.33157	3.83473	2.29763	-1.31253	-0.29415	2.48348	1.23321	0.095125	-1.4747	2.40245	1.90829	5.11699	
43.4991	-2.22012	2.68914	4.28101	3.40154	-0.825026	-1.54319	7.63116	3.70519	5.80609	4.37372	-3.39197	2.57992	-0.444078	
42.4567	-3.65195	-1.44919	4.58635	0.171199	-3.12108	-2.33385	7.31469	1.64783	4.18767	-1.68487	-2.68827	-0.99814	-5.48546	
43.2844	-2.04649	-1.26218	5.05178	0.0206927	-0.894171	0.0901377	0.973977	0.296328	-3.36077	-2.55765	-4.6006	0.216503	0.448135	
42.4198	-2.20291	-0.568007	3.30837	2.18085	-3.31232	2.33452	-1.45402	-1.65193	-5.72674	0.0683279	-3.8381	-0.290296	5.317	
42.4874	-3.81941	3.87539	6.66715	1.79872	0.542299	1.50614	-0.898591	-1.30392	-4.58564	3.87349	-6.56417	-8.39465	5.19907	
42.8553	-2.36453	2.13871	3.52517	1.01923	1.6027	0.402518	-0.58047	4.51921	-2.4088	4.05109	2.95749	-0.390343	-2.86086	
42.4709	-4.21987	-1.67388	6.09642	3.48782	2.07301	4.49422	7.17677	6.03066	3.13916	3.79918	-1.32628	-3.09001	-1.10619	
41.3294	-4.74784	0.433294	4.13347	3.00498	0.862594	-1.21023	2.84273	2.06796	0.496648	-1.64098	-2.69834	1.90537	-1.38911	
40.8871	-4.46742	1.15988	0.0474843	0.00846536	-0.65289	-7.78776	0.789982	1.63089	-2.13749	-2.54693	2.84518	8.32329	1.33739	
41.9868	-4.28991	-0.323584	4.37786	0.687017	-1.99719	3.63921	6.20207	3.2288	4.63499	5.6002	4.01774	9.99778	2.20019	
42.2481	-4.47585	-1.37591	6.87647	4.08351	2.89864	4.33956	-1.44206	3.7923	4.5493	-0.73096	0.235029	-3.30055	3.70025	
42.0973	-3.35364	-1.20245	3.888	3.48384	-3.62395	3.44373	4.57346	0.591245	-1.8221	-5.59852	-6.15355	4.44765	0.274191	
41.4473	-5.16611	-2.32055	2.35817	0.844916	-2.4754	-2.91354	-1.67937	-3.24736	-0.706467	1.52515	-0.809603	5.23376	2.8133	
41.4435	-5.41822	-2.09672	0.655639	2.48772	0.198767	-2.78429	-5.83764	-9.07924	-6.43079	2.0258	7.31843	2.91922	3.33368	
42.0718	-2.2281	4.93444	6.05631	1.07361	2.12846	1.61286	-5.55823	-5.06986	-0.159249	-0.990735	3.13156	-0.395831	2.76938	
42.4437	-3.31	1.79483	1.67765	0.285822	-3.13409	4.47811	2.10563	0.481133	2.82425	1.65408	-0.310075	-0.499849	2.70451	
42.2467	-3.33713	-0.486638	4.53147	1.12135	-1.52892	0.475143	-1.84123	-0.0521241	5.98385	-1.01584	-1.87697	1.85787	-2.42079	
42.1504	-3.14524	1.06886	3.33325	1.01223	-4.48927	2.01244	2.40291	2.80383	1.76331	-1.22556	-4.96952	4.68162	1.16482	
42.2321	-3.14944	0.417076	0.882359	-2.09126	-3.32252	3.50728	1.5469	2.84003	3.89872	-0.936907	0.808176	1.83947	4.35218	
41.3617	-3.34332	2.26576	3.04607	0.836543	-2.15412	0.880283	0.116451	6.68075	5.94122	-4.44573	-3.62986	-0.802129	-0.746126	
42.2355	-1.60602	1.00499	3.50901	3.88017	0.66908	-1.11478	-4.1066	-1.85658	-1.84248	-4.77525	-2.86311	-0.379019	1.93303	
42.348	-2.18109	2.8797	5.59341	2.35923	0.190158	2.24478	0.812254	0.938781	1.14334	1.10498	-2.48385	1.38926	0.213758	
42.1014	-2.53726	0.80402	5.39025	0.979247	2.11807	6.4073	3.63607	3.41486	4.62435	-1.31251	-0.380473	-1.80334	2.00243	
42.2397	-2.20163	1.81481	7.31828	0.72559	0.708091	3.18406	0.0790421	-0.150679	5.106	-0.289772	-0.144978	-2.44057	0.606672	
41.6789	-3.48689	3.42326	8.72217	3.87332	-1.03726	-3.79699	-1.59097	0.71237	-0.995529	1.62539	2.19286	0.609585	-1.13927	
41.82	-2.42902	3.04952	8.91568	3.27793	5.50885	4.1209	1.76825	1.99097	-6.6527	0.0096833	2.12944	-4.50325	0.364859	
42.8687	-0.959143	5.6664	6.31492	1.12509	-3.66554	-2.15294	3.6636	6.22637	5.41452	-5.0897	-4.32967	-1.39896	5.08665	
41.9318	-2.82336	2.83341	1.76124	3.9875	-3.27621	0.867409	2.66095	-1.13637	-0.194708	2.18963	0.391286	2.86456	6.38511	
41.7943	-2.97731	3.41496	3.75809	5.4158	-2.92144	0.219115	5.32919	-4.84355	-0.147003	0.0728863	0.968976	8.07176	7.29489	
43.0225	-1.14138	5.2001	7.11241	2.22637	-4.02543	-1.75493	8.41832	-0.0855416	-3.79804	0.307232	-1.19064	7.37935	4.12678	
41.6542	-3.46768	2.16526	5.07683	4.90668	0.279167	-0.286962	1.6459	0.158968	1.1071	-3.65373	0.744045	-0.402531	0.569256	
41.8715	-3.3504	3.02835	5.71482	6.35862	-0.06256	-1.15175	2.59194	-1.06163	0.786996	-2.89951	4.1454	8.5543	0.46109	
41.5281	-4.78816	1.16548	2.54315	3.36302	2.12067	0.652322	3.62898	0.990063	2.60645	-0.548405	2.6633	2.49323	-1.59642	
42.0579	-2.4632	2.67387	4.19567	8.39645	-1.30935	-5.26515	-1.75539	-1.37637	-5.3536	-1.56943	1.96177	3.92641	-2.76969	
42.2156	-2.18429	1.91527	3.44855	0.0178391	-1.51039	-1.46036	-3.21858	0.158983	-0.899432	2.53781	-6.74962	5.35167	2.29084	
42.1965	-3.47702	1.02728	5.68473	-1.6591	-3.86697	0.534459	-0.213439	-5.57703	-3.44358	0.162516	0.644803	6.69908	3.44372	
41.562	-1.8317	4.62973	6.62193	-0.0793039	3.13621	2.70772	1.66424	-3.80363	0.870403	0.651787	1.78493	2.44415	-2.19	
41.5873	-0.969775	3.27078	7.23641	3.33112	2.07397	-6.5768	-1.46207	-3.16172	-0.439666	8.44846	5.40665	-3.62641	-3.88457	
41.9024	-3.30931	-0.15951	5.2926	4.70062	-0.103062	2.45094	-2.78895	2.27203	-0.594826	1.67672	-1.18777	-4.09132	-6.29246	
41.3382	-5.50292	0.51833	5.7781	4.15755	0.745935	7.67532	-2.42731	0.963728	3.99854	-2.91916	0.651548	2.16267	-2.58034	
42.5151	-4.85588	1.01678	1.44442	-0.607952	-4.10623	0.525294	1.47407	-10.422	-4.37772	1.77849	-1.88013	0.995162	4.97563	
42.2677	-2.79347	-1.25849	4.2886	-0.452374	-0.740676	-0.738965	5.01389	-5.12092	-0.57033	3.96335	-7.54499	2.20758	3.02735	
43.282	-2.03332	-0.733992	1.68879	4.24099	1.51256	5.10146	2.07527	4.23161	1.01462	-0.977664	2.68362	4.29318	2.88159	
42.1733	-1.53959	2.65446	6.32777	4.39152	3.81515	-7.7853	-5.19613	1.84049	0.214953	-2.77489	1.44163	3.05657	3.44689	
41.7767	-4.23294	-0.397302	6.10446	-0.4312	-4.89799	-0.821175	1.74581	-0.184934	1.4983	-1.16702	-2.95496	7.80278	6.60698	
42.4713	-3.12463	1.16936	4.8472	-1.83988	-5.58865	0.829609	-3.80834	-4.54977	1.16151	-2.06207	1.55912	4.65635	5.78328	
41.4626	-4.06978	-0.683673	2.94803	-2.07646	3.46245	-3.05783	-2.37291	-0.0666072	-3.227	-2.65217	-6.848	6.35074	0.16693	
42.4557	-2.75848	-0.867705	3.68021	-0.703439	-3.96209	-0.775811	-0.323045	5.51019	0.876886	2.37484	-4.30164	2.12903	2.95048	
42.1496	-3.1391	4.08254	5.33281	-3.25998	-4.79209	-5.07084	2.94549	3.3754	-0.475725	-3.30828	-4.45596	1.24478	1.1325	
41.9037	-2.01574	4.89804	7.62229	1.39555	-4.86126	-3.61841	-2.0192	0.469418	2.04489	2.65141	3.11765	5.07828	2.19039	
42.2365	-2.08391	5.90607	7.53761	7.91378	1.55464	-4.07684	-2.13716	-2.47677	1.43352	3.74352	3.67036	0.891038	-2.3705	
41.8572	-4.25564	1.91784	5.73095	3.76926	-0.875458	4.93345	4.96678	1.90613	0.684864	0.564353	-0.404949	2.40669	2.62569	
42.5753	-0.900444	3.90021	5.5533	3.00895	-5.01538	1.64426	0.0751457	-0.370897	2.9065	-2.01861	1.08618	5.99386	0.197198	
42.8696	-1.001	2.55039	5.71607	-2.08596	-4.77884	-2.10138	0.980539	0.518742	-3.21999	3.70165	2.59241	1.24542	0.733352	
42.4479	-3.22721	0.566108	2.96982	2.05288	-3.1625	-5.44175	-5.89363	-6.43634	-9.63455	-5.6671	6.58922	2.69241	3.98392	
41.7118	-2.17944	2.35453	0.745464	3.34669	1.32342	-3.24914	-0.000739938	-1.36495	1.97408	3.1748	4.04588	0.155993	3.42522	
41.557	-2.69361	0.272125	4.55551	-0.290889	-1.21245	3.10579	-1.68505	3.52252	-5.89788	-2.74757	4.94917	4.13832	-1.67335	
42.6507	-2.57686	1.37903	7.74882	3.0397	0.572896	-1.05142	4.31525	-5.29641	-2.84599	-5.41451	1.72935	-0.344068	3.394	
42.7433	-2.11721	2.74868	5.51472	3.70641	-3.54597	-0.165537	3.66743	-1.36475	-1.00754	-3.81042	-4.76478	2.12474	7.43322	
42.7087	-2.60529	1.59697	5.96713	3.72499	-3.2469	-4.38899	-1.59819	-0.524025	-6.14451	2.65452	2.4642	5.64151	5.27841	
42.3731	-2.39368	-0.484901	6.43358	6.77194	-3.91069	2.70787	2.59394	-1.76931	-2.69395	2.95995	5.88613	3.24854	4.22406	
42.5939	-2.02186	0.962671	5.36902	4.26174	-3.00222	-2.70887	-1.86547	-2.62246	0.00965594	-3.13202	3.38356	7.92313	1.59756	
41.8066	-5.84115	0.78754	3.87205	-0.953068	-1.69542	6.11555	6.31901	4.55203	4.59816	5.17441	-1.97883	-0.505452	-3.00093	
42.1721	-2.70714	1.72274	5.95876	2.20443	-7.77488	-1.37754	3.55449	0.662572	7.79233	3.25041	-3.74681	-0.909721	-3.5543	
41.6578	-2.62883	1.24148	5.68751	1.38147	-6.018	1.85648	-1.02841	1.82683	2.06609	-1.95842	-6.31931	2.49817	4.3123	
42.1102	-4.76972	-0.015435	3.67703	0.0170962	-3.99093	1.15364	4.77726	2.92427	-1.84664	-0.704208	-0.209022	5.30686	-3.39156	
43.1066	-2.79051	2.92205	2.1567	2.30281	-2.52784	-4.5846	-1.04567	-2.33291	-1.14216	-2.22984	-3.3106	-0.457252	-3.92158	
41.4354	-4.08122	-1.67306	0.966537	-2.32705	-8.36997	2.30288	-4.32389	5.31599	-0.200043	-2.9952	-2.07573	1.15273	0.443512	
41.7967	-5.0997	-1.16342	1.73692	0.693493	-2.42957	-1.67669	-4.02779	2.47218	-2.68007	3.70639	-0.705253	4.86913	7.53453	
42.1247	-3.01558	1.39363	1.85134	-0.217972	-3.36116	1.36214	1.44898	-7.23668	-4.3933	4.15463	-1.59166	-1.34424	2.32016	
41.263	-4.12944	0.329122	7.65435	3.91355	-1.51017	-0.979801	2.48992	-1.22789	3.99306	7.89592	-2.17894	5.15729	2.2549	
41.3238	-4.48607	-1.41103	3.59064	2.47287	-2.29542	1.32966	0.421949	-2.83245	-0.363687	-0.859151	-0.49736	6.78103	1.6971	
42.693	-1.07474	0.935907	6.85308	3.77231	-0.621898	0.844017	3.31069	1.44297	-2.94872	2.74244	1.80557	1.4827	-2.9611	
42.7945	-2.64629	-0.0165337	6.08364	0.383331	-0.770575	5.56906	-0.104493	4.86051	-3.24372	3.28138	-1.71868	3.99222	7.04057	
43.0689	-1.01771	3.30422	6.91493	0.513941	1.72679	0.482393	-0.89514	-3.28556	2.63149	0.711555	-1.42415	0.395746	1.75665	
42.6017	-1.42194	1.00954	10.186	6.0002	-4.19811	2.37346	-0.073741	0.0297268	0.708072	5.14046	-4.37467	0.547518	3.30917	
42.0888	-2.86365	0.15621	6.30107	-0.461695	-3.0902	1.44259	6.73612	1.06277	-7.07035	-1.81155	-1.88028	2.69053	-0.345988	
41.6102	-2.13636	1.35853	9.09214	1.5544	0.837503	1.81682	1.02854	-1.26696	-5.37882	-4.13788	1.08199	-1.7445	2.0322	
41.586	-4.11913	0.616811	2.88963	-0.185195	-1.25435	-2.27066	-1.23691	-1.50907	-1.9111	-5.19502	-0.988379	-1.2832	-2.16381	
41.8037	-3.07605	1.15603	2.29579	-0.567724	2.78557	0.392243	-6.70278	-1.17958	-5.7367	-6.23871	3.17939	9.98435	2.54784	
42.9726	-2.67752	2.9267	4.58777	2.86988	3.46223	2.79546	-2.16461	-3.88355	-1.8291	1.76294	2.5263	4.2128	3.18979	
