5.01753	-3.62458	3.41786	1.13225	-5.85449	-1.82473	-2.42387	-5.50902	-8.33599	-3.49599	0.607332	1.84642	4.89164	2.48145	
19.0223	-3.01557	3.18368	2.21095	-2.0106	-1.72024	0.22677	-4.7141	0.323025	2.21287	-4.60753	-3.04215	3.17333	7.21736	
23.342	-2.11146	3.53864	5.76437	9.61904	-3.03855	-3.55847	-0.0045836	-2.4136	-2.6806	2.70569	1.49952	1.9271	-3.15656	
26.0435	-2.47279	4.01972	3.9481	-0.138955	-2.04781	-1.19377	-2.21358	1.02868	4.18546	0.0357123	-1.81784	0.577553	1.99406	
27.7334	-1.14804	0.489714	4.53441	1.08323	-4.80087	3.82092	-3.48601	0.138507	-2.45945	-0.780704	-0.430178	-0.301032	5.26466	
28.1979	-1.21966	4.03369	5.02437	0.279109	-4.25033	-2.17207	-8.106	-6.71972	5.98369	4.86085	-2.71822	4.68605	7.11724	
29.844	-1.51876	2.84573	6.41217	3.25677	-3.60225	-4.36926	-4.05332	1.47465	0.535399	0.60758	-0.336946	2.11202	1.89264	
31.7532	-3.99647	0.367264	6.61436	2.30904	-7.35481	-4.01819	-0.999234	-1.43165	-2.48838	0.995655	2.5004	0.326792	-0.0708349	
32.9473	-3.78285	2.00665	2.61804	0.656956	-5.37758	-3.10029	-3.24049	-3.07141	-0.181855	6.38118	6.71313	6.22442	3.53535	
34.1813	-1.78881	3.70841	5.92541	2.82924	-3.86601	-3.77361	-0.51415	1.97767	5.72973	-0.145708	-4.14339	2.52393	6.41056	
35.0039	-2.49144	3.89256	5.07076	-0.0699894	-11.0463	-4.47872	4.27501	3.75299	6.65346	3.45592	-3.1618	7.47317	4.59987	
35.4823	-2.46855	2.94417	7.66227	5.90621	-2.2502	-1.34633	-1.33822	-4.96066	0.767857	6.49705	2.38126	7.38483	0.389114	
35.4938	-2.98044	2.24133	5.46262	2.87358	-9.89769	-5.98498	-2.77639	-7.51731	-0.231006	-0.713108	4.7003	7.04964	-0.417632	
36.4573	-0.871036	2.04997	5.70877	3.60577	-3.17625	6.95268	1.11961	3.46273	3.68961	-1.37556	0.0328663	5.40973	1.13775	
36.7375	-0.368097	3.98038	4.9944	0.616592	3.59838	-0.651043	-3.61292	-0.305696	1.82143	-3.4516	-1.76125	-0.145695	-0.32484	
36.932	-2.88873	2.2532	4.41993	4.18063	4.71366	-8.07144	-3.34467	5.0853	2.57338	-0.789589	2.80854	0.798433	0.990283	
37.6214	-1.80156	2.6281	1.35312	5.78767	2.97005	-4.18762	-0.823133	-3.32609	-0.964523	-0.54963	-2.94144	-1.4709	2.46278	
38.0733	-1.99523	0.995228	4.91315	1.30368	-5.37149	-2.44118	-3.51873	-4.88317	5.00939	0.00875249	-4.74954	4.07328	3.79226	
38.6096	-3.01287	1.16489	5.80586	3.52843	-3.9986	-3.22188	-3.67252	1.91905	1.3554	0.861897	-4.59539	-0.132192	3.06635	
38.5681	-2.03706	5.49639	6.84841	4.46168	0.436269	-1.1681	-0.139742	-2.48217	1.5335	-0.989288	-1.54801	-1.40769	-1.12777	
38.0631	-1.36855	2.60902	-1.15627	-0.52613	-3.51186	-2.06136	-1.32814	5.98815	1.23018	-0.814274	-1.52284	1.53029	3.12889	
39.869	-2.85524	1.86862	1.87704	-3.58376	-6.78904	-5.68964	-6.87501	-6.42682	-5.41964	-3.91814	-2.27036	0.352198	3.78713	
39.2246	-2.26732	1.80975	7.47254	2.98655	-2.79	0.105154	1.75038	1.10227	-9.96633	-1.5229	-5.71101	1.3006	-0.501238	
39.4425	-1.96024	1.24781	8.44692	1.40903	-4.71239	-2.15479	6.00359	2.18109	0.46174	-1.71787	-8.78456	-3.95432	3.66395	
40.3143	-3.29944	-0.019858	7.77586	2.34486	-3.6694	-3.60563	0.566961	4.49808	1.28848	-0.583246	-6.27654	-3.36905	2.53111	
40.1114	-1.93024	0.0613499	7.04333	6.71942	-0.963426	1.0222	-4.80413	1.06835	4.56934	-1.12658	-0.834377	-0.792384	-0.512376	
40.2658	0.679064	4.95733	4.71349	-0.143092	-4.94578	5.0678	-10.052	-3.45401	1.94479	0.838944	-0.242529	-1.99469	1.39485	
42.0892	-1.44278	3.51164	6.88916	2.39433	-2.75798	-0.739175	-2.94464	-3.79537	2.89598	-0.653716	-6.37498	2.53225	0.0101002	
42.3283	-3.0264	3.62279	4.68461	2.28022	-3.00718	4.31665	3.32602	-1.20111	0.719894	4.09979	3.17855	0.589237	-4.2824	
42.2968	-3.29933	3.2405	5.62809	0.984917	-2.29867	-0.988062	1.67124	-3.96018	-0.56545	-1.91107	0.019265	4.2611	5.09408	
42.493	-2.52504	2.29208	4.35402	3.68798	-1.4203	5.91246	4.79771	-1.53031	5.09661	4.04965	1.75015	-1.73788	-3.44727	
43.0928	-2.49884	1.82484	3.85593	2.52273	-0.66943	-0.255127	-2.54382	1.49725	0.990272	2.43212	2.03966	-1.89035	0.822445	
42.3903	-2.815	1.20694	6.42881	0.941653	-1.60788	-5.65107	-1.36851	1.71068	-1.48996	-2.22064	5.2417	3.12412	5.16939	
42.6295	-2.16879	1.91713	4.37344	-1.02254	3.12665	1.33085	-5.11968	-3.31418	-1.39508	-2.01622	2.54815	-0.471037	-3.27829	
42.4914	-2.81743	0.695094	6.29922	3.55626	-0.154877	0.580463	-1.5738	-3.76699	0.37516	-3.30597	-4.35086	-0.555966	0.184012	
41.9784	-1.80696	3.1209	8.92758	1.17369	-2.95493	-1.34671	4.42903	3.97705	-8.19229	-2.02082	-0.804487	1.83196	0.96662	
42.9245	-2.48076	1.67237	8.27529	2.49221	-2.83412	7.19488	2.01137	-6.74101	-4.47977	-2.05143	-5.052	1.1427	2.6305	
41.6213	-4.60613	1.2532	4.98864	4.92699	4.765	6.39393	0.585697	-4.45469	-1.27714	-1.33522	5.54514	6.80012	3.111	
41.7358	-2.84432	-2.06016	6.0859	-1.31963	-1.03183	4.2777	3.0422	-0.212782	-2.48027	2.32229	4.19355	3.91024	3.68923	
42.6571	-2.33086	-0.96055	4.01343	-2.92213	-3.2172	-2.04184	0.318096	-1.94497	-1.16723	-0.662026	3.38638	7.85592	-3.65104	
42.9664	-1.75608	1.86964	4.20008	0.498319	-3.70678	4.91384	2.57151	0.899284	0.887188	1.82459	6.06298	-1.63214	-3.91722	
41.8805	-2.66205	1.22827	4.86345	3.31361	-2.54701	3.97872	-0.188097	3.6738	0.837122	5.36086	1.12279	2.30042	-2.05291	
41.8713	-4.02432	0.192397	1.00666	2.28896	-5.64903	-1.72499	-0.316804	2.63705	-8.16341	-8.18188	-4.49577	3.97551	1.27261	
42.4386	-1.15454	0.496287	4.404	1.93117	-4.7988	-1.79388	2.80778	3.98804	2.87869	-0.177855	-4.84511	2.60128	-4.26845	
42.5449	-0.540835	1.90862	2.01343	1.23049	-5.11343	-0.602665	4.24734	-0.850433	-0.934676	-8.47173	-3.60259	0.346232	1.55637	
42.7059	-0.766321	2.70366	4.19966	0.807985	-5.24875	-2.39019	4.74404	2.81008	-6.52924	-7.59101	-5.40499	0.688531	0.0101373	
41.6821	-2.75308	1.373	5.55775	1.56694	-3.74509	-2.34257	7.49378	3.84047	-0.458218	-0.872541	-2.63934	2.69957	2.2641	
42.2033	-2.24795	0.321354	2.94086	1.50495	1.34973	3.29165	0.883899	9.52243	-1.00374	-2.36618	0.715836	2.32154	2.20728	
42.254	-0.91636	2.83517	4.93848	-0.409518	0.397565	3.58974	5.26483	3.6007	2.02298	-4.26996	-2.89108	-3.00049	2.12439	
41.7803	-0.658696	2.9994	0.916743	-3.21674	-3.41449	-1.34373	1.70033	-6.41981	-6.65304	-2.44736	-2.38487	0.96906	-0.009236	
42.6226	-1.73841	1.49806	2.55219	0.502849	-3.17725	-3.39514	3.91433	-3.63573	-5.10689	1.84434	-1.4152	-4.52951	0.0891998	
41.4123	-2.99501	1.4386	3.87872	0.977275	-4.60896	-2.96684	-0.371562	-3.1161	0.102673	4.87084	1.56156	-3.33792	-6.35736	
41.7015	-3.81975	-1.24098	-0.245444	2.28138	-5.27747	-2.2203	2.47217	0.0949771	-2.89131	2.47481	-2.26211	0.687594	2.55573	
42.4187	-1.46604	0.600121	5.28998	6.46909	1.41092	4.12371	1.22252	2.64232	-4.22579	7.44768	-2.12826	-4.8941	0.547365	
41.927	-2.815	1.15098	2.37805	2.56539	1.17606	-0.556908	-1.13484	-0.316662	3.78415	4.61438	8.05826	2.53303	3.48758	
41.2992	-2.92503	3.02608	9.07682	5.44103	-2.80289	0.86418	1.06494	0.334725	0.0515251	-1.01475	2.4882	-0.629279	3.00902	
41.3129	-3.26548	2.71482	4.0353	2.23336	0.104973	-1.83617	-4.44678	-1.88565	2.60826	2.96872	-5.79606	-2.33952	0.0452233	
42.0792	-2.21855	-0.585545	2.81165	0.312856	1.03251	2.5141	0.0907172	1.50508	5.09192	0.268524	-3.07001	2.99737	4.13978	
42.5767	-0.967935	1.00301	4.55948	4.42269	1.27054	-0.200308	-4.40584	-1.18674	-0.569157	0.738261	0.674581	6.52549	6.54023	
42.6035	-2.62991	1.71963	8.30456	3.09783	-2.12427	-0.395857	0.201607	3.18266	4.3769	3.23461	2.89506	-0.124071	2.71418	
42.0986	-2.21764	0.720095	7.0524	3.86277	-2.32112	1.23658	1.06157	6.03087	4.20274	-0.338679	-0.441335	-0.0550218	0.108392	
49.7539	-9.19869	3.84744	-2.11807	0.7963	3.42157	-1.90773	1.08391	-6.75765	8.2038	-5.88012	1.58268	-1.00438	0.643199	
63.4747	-11.8598	6.71615	-2.52094	3.46975	9.26809	4.03963	3.53939	-2.73622	5.39323	-5.83739	-6.0596	4.57796	-5.21513	
60.0082	-13.2619	12.7625	0.826135	1.68387	6.36411	-1.93823	4.70164	-2.60951	6.84669	4.75394	-6.00058	5.61753	-3.95468	
58.3121	-11.0782	19.3661	7.32324	4.59747	-4.55075	5.71838	-0.0137333	3.77427	4.91145	0.0716134	10.1011	-1.17411	-1.80116	
59.3451	-13.9009	21.4814	5.89761	2.91166	-5.51652	4.74959	-1.68606	0.430393	3.78477	-2.79048	13.3374	2.3721	5.04154	
59.1456	-14.0294	23.8715	6.31716	2.14632	-4.25123	7.10426	-2.40336	6.13998	5.41069	-5.50927	10.6683	-1.00524	2.81091	
59.9305	-13.9881	22.8598	3.45796	0.0474117	-2.60964	4.85269	-1.09703	5.41729	1.608	-2.50685	11.3934	-0.583671	2.4426	
58.3623	-13.9476	25.6399	4.14488	-3.07843	-2.08493	6.3567	-0.560358	6.48748	1.57225	-1.33505	10.5837	2.01587	6.98334	
58.4492	-13.2591	24.9918	4.59618	-3.05126	-1.00876	5.29582	-2.79237	5.9736	2.33357	-0.0573325	7.38483	-3.43233	8.07496	
58.0296	-13.319	24.1441	3.0157	-4.01713	-0.408659	3.25246	0.617016	7.45495	0.454477	-0.752636	4.93411	-3.20943	5.81962	
58.6012	-12.6994	22.969	1.74539	-2.77273	1.81521	2.83944	-1.01563	2.71029	3.48641	2.07433	6.7112	-0.795218	7.35693	
58.944	-12.802	23.8761	0.704115	-1.2676	0.576399	1.04145	-0.734119	2.36543	3.87123	2.56046	7.90452	-2.73372	5.55763	
58.2958	-13.4303	25.7205	1.88287	-3.85777	-2.00892	3.94931	2.15328	0.218432	2.14721	0.994985	7.44687	-7.56715	-0.151033	
58.7928	-12.8876	24.0695	4.5133	-2.37805	2.45115	0.613457	1.20542	4.8318	7.9975	-0.517317	6.63604	-7.26221	-0.15938	
54.8119	-9.43864	17.2775	9.22343	-2.21556	0.693844	2.06981	-2.16435	7.8243	7.59959	-4.40863	5.23151	-5.92012	1.59584	
51.1062	-5.08824	13.6584	6.90271	-0.141822	0.227941	0.140366	0.992186	1.44122	7.59911	-1.71707	5.32095	-1.82044	7.51012	
50.2517	-7.60006	11.5308	6.05529	-1.38831	5.11668	4.22807	0.139509	6.94832	-3.77923	-1.54002	9.28743	1.47056	7.65389	
49.2081	-8.67306	13.1213	9.63203	4.77101	0.240817	-2.57018	-3.77064	2.81676	-0.0278677	-4.37587	4.83579	2.40857	11.0896	
48.9848	-6.0594	11.6424	6.72821	-1.74137	2.63067	-4.40214	-4.80397	-2.09609	2.60955	-0.573608	9.96398	-1.30546	5.19418	
47.9295	-7.22395	13.5078	7.27368	6.65833	0.474975	-6.53873	-0.474769	0.735605	0.291312	0.655983	1.51489	-5.02904	0.808025	
48.9859	-6.3653	11.2999	2.6414	2.28301	-0.843344	-3.27925	-1.85482	0.349825	0.0528283	-2.40711	6.6553	-0.561275	5.57512	
48.6175	-6.27802	8.95446	3.9065	-0.147008	1.13397	-2.43284	3.17809	2.29611	-5.13006	-2.5179	4.14422	0.51421	5.47197	
54.2619	-9.90769	6.03085	3.92723	-8.07936	-1.53328	13.0242	3.49014	-2.59299	9.96474	-4.70004	4.13378	0.862851	-4.35987	
62.9195	-12.1611	10.1957	3.39697	-12.2536	-4.72264	13.0649	0.375779	-3.29486	10.6389	-3.86104	3.91391	2.11424	-2.63746	
56.9968	-11.8367	14.9968	8.00082	-3.32206	0.532339	8.30084	1.42883	3.80565	6.17091	-2.72863	4.24009	-1.80134	-0.417802	
59.2021	-11.075	25.0808	6.96939	-3.08153	0.268638	1.43669	4.25656	1.22704	1.27986	0.770655	6.07012	-1.76352	3.16362	
59.4191	-12.9886	24.4179	3.08186	-4.80228	2.53762	0.458378	-0.395462	1.00663	2.0547	1.27256	7.80373	-0.163185	8.91515	
59.2114	-15.192	22.3266	1.12479	-3.91807	0.906997	0.874315	0.0145197	3.40585	5.77405	3.50618	10.1075	6.73944	13.3728	
59.0677	-14.0941	22.9692	0.168532	-2.87801	-2.01754	0.428525	1.80675	1.54019	2.61288	4.75955	8.66696	1.86159	11.5472	
58.787	-14.5377	22.9126	1.31661	-3.77837	-2.7454	-0.489486	2.31615	2.75411	1.15391	2.22703	5.88333	0.868644	12.9075	
57.6184	-13.9006	23.7605	2.97775	-4.65398	-3.85929	1.80097	2.28183	4.47324	2.29986	0.0730793	1.75862	-3.2027	7.49449	
58.7595	-13.2769	23.4753	0.620839	-5.14852	1.68516	0.559387	0.435473	2.43457	2.40308	3.62692	1.58671	-5.15467	4.20045	
58.7807	-12.2602	23.5066	1.36928	-5.90193	-2.099	-0.38013	0.191346	-0.232177	1.35074	4.42444	2.22707	-6.86658	0.743814	
58.7683	-12.1219	23.2157	2.21148	-2.9615	-1.0704	-0.124439	0.783692	-0.189549	0.318236	2.00335	0.845967	-5.61913	1.59427	
58.5451	-11.5886	24.2795	1.4355	-4.1504	-2.53095	-0.23353	1.08843	0.0501443	-0.0920147	1.28504	-1.16616	-5.47062	2.37115	
58.6206	-11.2694	25.1487	3.96227	-3.37298	-0.259089	-0.0564519	0.383193	1.44413	0.807362	0.12959	-2.90527	-6.62248	4.81616	
59.5171	-11.3027	25.7702	6.66242	-4.2073	-4.95011	-0.660167	0.16267	0.680295	-1.35157	-0.378519	-0.371295	-4.54304	3.65857	
60.034	-11.584	26.7682	7.56604	-6.80049	-0.135059	1.33742	-1.61242	-0.21992	0.574087	0.642593	0.470496	-8.08811	0.160891	
61.9022	-11.9673	24.52	7.12306	-5.28787	1.57767	1.49305	-0.866163	2.12443	1.09039	-2.34981	0.0916815	-5.18241	-0.930543	
63.3379	-11.5356	24.6349	10.3096	-4.6469	0.796	3.11343	-1.12178	0.951833	0.537024	-1.26179	0.179967	-4.03492	-2.55796	
64.4812	-11.2742	22.7376	12.743	-3.64133	3.23847	5.86533	0.131186	3.09102	1.13079	-3.66183	-1.16884	-2.36391	-3.02113	
66.6784	-11.1949	20.8427	14.6179	-2.73372	2.9504	7.77392	-0.303221	3.94605	3.23922	-3.09598	-1.29625	0.0867749	-3.5868	
68.6791	-10.5279	18.7041	15.1424	-1.50768	2.69261	10.0427	-1.17549	3.35984	4.8959	-3.29321	-0.141593	0.278206	-5.18267	
70.5797	-9.85066	17.307	15.1463	-3.09699	-0.915396	9.28886	-2.73104	0.00855668	2.2305	-3.59173	-1.34712	0.90642	-2.92397	
71.1016	-9.1834	15.2347	14.8785	-3.75186	-4.29037	6.99814	-6.44002	-3.88021	-0.613446	-4.9111	-6.50897	-1.46655	-2.49024	
71.7642	-8.15778	13.8634	15.0935	-3.272	-6.87753	6.92427	-5.79692	-6.78158	-3.36044	-5.74551	-8.50293	-4.59352	-4.47989	
71.6549	-6.16112	11.1238	12.6598	-3.38619	-11.9839	0.899494	-6.47355	-9.58929	-6.46652	-3.96372	-8.87886	-5.065	-3.95958	
71.5587	-6.26709	10.0422	13.9909	-2.87612	-13.389	1.50024	-4.01049	-9.01733	-6.15352	1.46419	-4.84555	-1.38453	1.63564	
72.1249	-5.98375	7.2709	11.6272	-4.54136	-15.0833	0.716705	-3.6972	-7.75174	-3.91212	1.25339	-2.69762	-1.29741	2.77497	
70.5904	-2.24336	7.34953	12.7611	-2.65347	-15.0102	-2.04501	-2.26029	-10.5998	-6.16933	3.76983	-2.40123	-0.0427939	4.08231	
70.0114	-2.29132	4.89144	9.54074	-6.6476	-20.3233	-4.20666	-3.58688	-10.0733	-7.18926	4.60981	-1.37357	-2.12324	3.98413	
66.7131	2.40492	4.89792	10.7864	-4.21692	-19.2808	2.99042	-5.0731	-1.20133	-4.8948	4.4082	1.65779	-5.98516	0.210554	
64.884	2.60073	2.58138	5.4978	-2.73899	-21.0211	-0.0631166	-1.88769	-3.45116	1.5698	4.37635	4.45718	-1.16165	0.461267	
64.6912	3.20462	3.60321	7.69271	-5.39029	-14.5642	-7.79294	3.21073	-5.38173	-3.77954	9.10522	0.370649	0.457167	0.880274	
63.7207	3.88836	3.63877	10.1963	-8.0939	-16.1416	-2.54388	-1.64648	-3.48498	-2.13935	7.34853	7.47015	0.288239	0.657591	
61.6917	3.31068	7.1968	10.5601	-12.7231	-17.5911	-8.18975	3.67562	-2.40957	-2.18474	6.71698	2.25754	1.5963	-2.06368	
61.3898	4.61784	7.45357	10.8469	-8.962	-10.4816	-3.60573	-2.7986	-1.95799	-2.20546	5.04147	1.76118	1.43028	-1.67088	
60.3984	3.06326	8.34327	12.4331	-7.09677	-8.68218	-6.25772	-1.14627	1.91653	-4.75104	1.94023	0.858002	2.25599	0.578698	
60.4849	3.44306	5.29477	8.14009	-6.91938	-14.1899	-4.54958	-1.55648	1.60074	-4.08276	5.78861	0.838733	0.0664822	-1.35142	
62.1837	4.22547	2.78293	10.4575	-3.14124	-13.8274	-1.27756	-1.9336	1.48044	-1.06254	2.74375	3.25378	1.54609	-1.90249	
62.07	3.83244	2.03316	7.05376	-4.94803	-14.8378	-9.10089	-3.72895	-1.88208	-2.33617	2.35056	5.98526	2.06038	-4.10485	
62.9582	3.28753	1.75348	7.0155	-3.96717	-16.7928	-9.68938	-4.30411	6.43763	-9.17143	1.48038	4.50438	-1.71461	-2.78633	
61.4094	5.81502	1.65638	7.24684	-1.85331	-10.858	-8.64754	-2.35499	3.32382	-9.47566	2.39678	5.33491	-0.209508	-0.223068	
58.9588	4.18222	5.68609	8.56863	-3.94395	-13.1244	-8.8101	-3.69399	0.872811	-8.71717	1.30566	0.141319	1.54835	0.542687	
54.4508	0.449149	5.0529	13.2962	1.68105	-4.53547	-4.31859	-3.57803	0.375912	-14.6473	2.01245	0.882235	-1.52767	1.62783	
55.3285	-0.278476	5.50871	16.6278	3.62305	-5.76251	0.817609	2.25349	-5.08653	-18.3522	-5.9838	-4.77102	-6.22404	-0.362202	
56.2948	-0.814438	2.34001	14.6794	-0.831405	-6.49028	-3.35664	3.46612	-0.386615	-10.7865	-2.45893	1.58951	-1.59842	-0.0864398	
56.6613	0.848822	1.57619	12.3895	-3.77204	-11.9386	-4.08656	1.77929	11.2958	-8.53761	1.66541	5.24409	-6.07357	1.86951	
55.8076	-0.38406	-0.180284	10.2561	-2.0809	-12.9626	-4.47157	7.2818	7.79482	-5.10236	4.79901	3.2676	-4.15686	-3.17291	
54.7139	-3.36512	2.55228	9.78241	1.77076	-14.1654	-6.9066	-0.212795	-1.65495	-4.53191	2.72431	2.89694	0.102436	1.87304	
53.7858	-2.94402	7.71254	4.32457	-0.966321	-17.9315	1.38138	-5.03841	1.63546	-2.31021	4.07031	3.77261	1.36127	-0.571662	
54.3861	-3.15737	10.4454	8.22142	2.5663	-14.196	1.1243	-6.91204	4.56882	0.0231298	-2.42359	4.07556	0.408591	0.998507	
54.1938	-4.44098	4.20719	4.66058	0.959312	-14.8475	-2.99147	-6.5749	-2.46113	2.26111	-0.179574	0.544506	2.02707	1.24211	
53.1476	-4.52448	7.14547	1.95939	-1.82192	-12.8875	-1.68286	-7.87403	-1.48886	-1.0169	2.44836	6.67086	3.305	1.41146	
54.5175	-3.86268	8.48019	1.78587	3.49269	-12.6568	1.39076	-11.2701	-5.00829	-5.17713	0.324899	0.02321	2.67788	0.488556	
54.0072	-3.99437	8.03001	7.67904	2.87758	-13.1703	-3.60441	-2.29986	-6.42356	1.04686	5.10188	0.937653	5.9349	-1.33648	
54.9706	-2.80888	11.1527	4.55569	5.08921	-12.9828	-1.02056	-1.89711	-8.27966	-4.22625	4.05786	-2.29194	-3.60538	1.92629	
54.963	-2.46428	10.0499	2.9977	9.21404	-13.4494	3.66502	-5.62811	3.63599	2.78221	7.86653	-0.649142	-2.5479	3.3631	
55.64	-4.1586	6.83357	5.22024	9.25351	-12.7872	2.61756	-10.636	0.950649	2.1141	4.90179	5.30867	-1.48456	2.47358	
55.4617	-5.5271	8.04636	2.76884	3.40704	-10.0438	-0.402102	-12.7934	1.7732	-7.98712	8.63262	0.590558	2.55679	5.40794	
55.9019	-6.23641	6.76886	2.81253	2.60474	-8.22368	7.03229	-3.30892	1.57604	-9.31642	6.28149	-2.55904	-6.54569	-2.9683	
55.6899	-6.67727	4.86048	0.434508	6.52513	-7.13146	1.12358	-3.85881	9.32137	-5.50894	-0.341764	-2.36938	-1.75216	3.04945	
56.1911	-7.65111	3.38474	-0.148241	2.26354	-8.46367	-2.78839	-3.74994	-3.73329	-5.03183	1.18028	-0.624053	1.87422	-1.87117	
55.8476	-7.3902	6.7478	1.44571	3.40248	-8.28322	-0.215736	2.61426	-5.80489	-8.82017	1.78377	-5.10899	-2.82181	-2.39599	
55.6311	-8.09117	5.9252	2.06457	6.32098	-8.26348	5.05934	-4.92027	-2.43716	-5.95245	1.48596	-1.29146	-2.33152	-2.02559	
55.9618	-8.03286	2.80131	2.39374	3.82216	-12.0134	4.82168	-3.05027	0.310691	-2.22465	5.83234	9.29021	-4.13446	1.28029	
54.3779	-7.61606	5.46643	2.70513	3.36346	-15.6451	5.57028	0.870802	-12.0995	-2.32032	3.97699	4.39946	-1.21108	2.04641	
55.5322	-7.61348	7.02619	1.91863	2.51425	-7.15264	3.51355	-1.98001	-4.86611	-11.0741	-4.4423	-0.884213	-10.6278	-4.11878	
55.6961	-7.57181	5.87903	4.02331	3.58744	-6.69227	3.29307	1.09984	-1.31984	-3.72344	0.832745	-0.730084	-2.57943	-1.56606	
54.7368	-8.04633	8.12434	0.803751	3.04796	-6.42917	3.16765	-7.08072	-4.38529	-6.59455	-0.761051	2.79642	6.95502	-1.79395	
54.764	-8.41995	6.48617	-0.208667	4.29839	-8.54432	9.21425	0.539739	0.259434	0.225333	5.03068	5.21464	2.62404	1.86024	
54.5335	-7.49616	8.07848	1.52872	5.44691	-14.5454	4.84357	-0.0166631	0.0547164	-1.15429	3.00347	0.913786	-1.5307	3.38068	
53.8548	-6.78395	8.26909	-0.646708	5.71694	-11.9031	2.50503	-3.09935	-1.48179	-0.76853	1.69053	-5.10948	-3.53297	-1.77788	
53.2077	-9.63433	9.11303	0.115095	7.51892	-9.52368	2.65953	-3.34813	-8.16271	-7.30728	-3.75375	-2.64537	-3.87609	4.86038	
53.3057	-7.496	10.9822	0.672975	12.1894	-8.66143	0.20682	-7.7277	0.747174	-2.30571	-3.14832	5.13013	-3.42607	3.38733	
54.0415	-8.86284	7.70937	-0.128052	6.76316	-6.74213	6.0706	-4.36236	3.20983	-0.0371279	0.731111	0.568594	-7.07615	0.259803	
51.9048	-8.84322	7.74771	-2.30722	6.51826	-8.25204	1.84735	-1.63003	-1.96515	-0.809446	-4.72065	-2.10657	-4.54896	0.819332	
50.3831	-8.67292	10.3079	-2.76047	4.3875	-9.42793	-4.36987	-9.15574	-1.13289	2.94933	-3.9455	-6.1824	-8.10179	1.88596	
50.4283	-7.71339	10.0238	0.916182	8.60129	-10.4167	-0.384676	-3.05631	0.00276316	-2.94142	-5.24296	-0.338043	1.74856	2.10618	
49.1765	-9.52291	8.99317	-0.110553	8.88067	-8.72374	0.450132	1.03902	4.31727	-1.15144	-5.82739	-2.39773	-4.96182	-3.59059	
49.814	-8.17333	7.47245	-0.0320989	8.0139	-8.02656	6.7533	-1.20773	6.33633	-1.7146	-1.90137	0.829618	-1.0893	1.18434	
50.234	-8.60661	9.38305	-4.33002	8.4773	-8.67304	3.14372	-2.93123	2.8282	2.69875	-2.77602	3.05484	1.06229	1.60642	
49.6865	-8.3947	10.7047	3.6548	6.44901	-12.0689	-2.59837	0.0661513	-0.287387	-4.54015	-1.02323	-3.14437	-2.70649	-0.922688	
49.5312	-6.68499	7.51971	-0.573522	6.4403	-4.12972	-2.45662	-3.22489	-4.91203	-5.2324	-7.35009	-3.98138	4.02464	-0.301296	
51.1099	-7.51289	7.4596	0.208614	3.78418	-9.12889	-0.752853	-4.57632	0.426785	-2.39042	-0.790383	-1.64446	1.57338	1.88541	
52.3098	-5.80903	6.71566	2.24313	5.47841	-6.82664	-3.9064	-8.60333	2.78735	-1.15595	0.433113	-0.635564	-1.28264	3.52065	
49.5538	-6.18476	6.22396	2.38658	7.06026	-8.80836	-1.33324	-7.27008	-4.3641	-3.18531	2.25787	0.658807	1.55077	-2.75588	
48.9142	-5.86856	2.56076	-1.68021	3.21244	-6.80671	-6.71362	-4.79409	-0.67433	4.311	5.51328	-1.60325	3.80227	4.04316	
48.2256	-5.56069	4.13616	3.28196	1.8565	-0.832175	0.978965	0.220214	9.08769	-5.44759	-2.07013	1.10618	-3.18032	3.5203	
46.6486	-6.00353	6.1007	2.45927	4.16578	-5.19962	-5.09631	-3.56378	3.09144	3.17054	2.50714	5.20471	4.64466	2.15771	
46.6251	-3.57669	3.71545	5.92362	-0.90665	-3.24706	-1.6831	-3.92602	-1.49821	-5.70657	-1.8404	2.0987	7.01176	-2.43711	
44.8843	-4.29611	0.235296	3.55584	-0.882835	-7.69406	0.296285	0.403561	-1.38868	-6.57613	-0.268157	-1.08064	-2.39325	-3.2597	
45.0486	-4.96142	2.65211	4.76841	2.9894	-5.79198	-4.10945	1.20668	-0.407193	-5.17867	0.153708	3.35931	3.60226	-0.219589	
44.549	-3.15719	1.80813	5.5289	3.57766	-5.75592	0.575216	4.30257	7.19919	0.745255	-4.86007	1.18819	-0.798319	-0.834273	
45.1632	-3.88682	-0.501208	3.8727	2.38985	-3.33246	-2.52609	-1.16998	-0.0620416	-6.23887	-4.99875	2.19785	-0.780536	3.95552	
44.7766	-2.11761	1.59866	0.911729	2.87183	0.520747	5.98959	-2.35008	-1.43656	-3.94632	-5.87607	-1.2595	6.04261	1.96067	
44.6556	-2.41431	2.40927	5.24301	-0.832351	1.2375	0.212757	-2.48986	-0.808107	-0.050905	-1.02225	0.871429	-5.17553	-6.36432	
44.7512	-3.03249	0.301471	5.40265	1.83913	-0.821977	3.06983	2.0986	0.877257	-6.57947	-3.95855	-1.9261	1.69544	0.151151	
42.968	-3.99803	-0.0136607	2.96951	-0.310126	-5.24738	-1.64299	4.55954	-0.134392	-5.17236	-0.310454	-1.57178	-4.24392	-3.64272	
43.479	-1.91192	3.47135	4.78699	0.959422	-0.915753	-4.3384	-6.71219	-8.98845	-5.79584	2.70032	2.2465	5.40346	2.25916	
42.842	-5.18609	1.23195	5.16741	3.68671	-5.40015	-1.4473	0.202873	-7.58181	-12.2268	-1.9982	4.85944	8.50375	1.57495	
43.9937	-2.95647	0.994209	4.03987	0.630133	-7.20911	-7.34811	1.4034	1.19823	-4.86458	-1.10454	5.06432	5.39603	-0.565072	
44.4844	-2.20983	1.02406	4.64265	0.909933	-1.24683	-0.780864	-2.62924	-0.159086	-6.44785	-7.7166	-4.51047	-1.18396	-3.02372	
43.3155	-1.66313	-0.53095	5.32442	4.54077	-6.90292	-5.07697	-2.20812	5.35701	0.532055	-8.05552	-2.67226	-1.8166	-2.26639	
43.6055	-3.56207	-1.34384	1.94573	2.33317	-6.37678	-0.353419	-5.53097	-3.73561	-1.09665	-5.75997	1.74439	-3.48635	0.281717	
44.2104	-2.47835	0.349439	-0.534923	-1.25886	-4.45171	-2.71698	2.42251	-0.209038	0.429807	-2.87209	1.42781	4.85231	1.59421	
45.8686	0.824198	3.02411	7.21805	0.469081	1.27819	5.50058	-1.47276	4.52186	0.566838	0.0872391	2.57369	5.28008	4.55676	
45.7364	0.573576	5.02389	3.8405	2.58318	-1.47652	5.48401	-1.817	8.24449	0.646888	-4.50823	1.91913	1.68055	1.6565	
45.0585	-1.47609	4.2424	0.0141306	1.51415	-0.196532	-0.45385	1.99046	7.76145	-6.90844	-4.30404	-5.40532	1.58788	4.84816	
44.6186	-3.22304	0.823284	2.56411	2.77713	-3.75556	-1.44982	0.0567922	8.87989	-2.51979	-5.13766	-2.84713	-0.973554	1.98782	
45.5631	-1.94739	3.29665	3.90554	2.57894	-2.53991	2.58648	1.42487	7.688	2.72167	-1.13451	-1.74923	0.971579	0.589569	
46.335	-1.42372	-0.612374	4.61635	3.71682	-1.46158	-0.0879082	-5.76621	0.394395	4.29241	1.70546	-2.86009	-0.662855	5.05568	
45.2579	-0.703245	1.39279	4.53261	1.40283	-0.190699	3.17507	-1.52561	3.66533	2.86627	5.97407	-3.49958	-0.625822	-2.52031	
44.9083	-1.62266	0.626472	2.68189	-2.42573	-1.635	-1.21214	-1.44391	8.04549	1.68555	1.09278	-0.136803	1.99055	2.24706	
44.9168	-0.304977	2.26602	2.33424	2.39505	-3.31569	6.11815	2.39807	1.57708	5.49361	-3.15461	-0.104136	2.04032	4.14182	
45.7172	-0.842651	0.804648	2.88866	1.06745	2.20484	8.21014	5.43371	4.04357	1.03139	-4.45452	-2.52573	-3.42837	4.27979	
45.2215	-0.00455712	0.550648	4.95844	3.13795	3.98777	5.86263	-1.1047	-0.236688	-2.26067	-2.96571	1.213	0.705452	0.493118	
44.7414	-0.603843	0.230106	4.69684	6.81582	5.02236	3.38936	4.41438	-0.455056	-7.88181	-4.43373	-1.02129	0.528009	3.58289	
44.2115	-2.2377	3.60149	3.79948	-1.62138	-2.62563	1.76361	0.472898	4.87649	-0.224115	-2.92246	-3.76878	-0.310972	2.8771	
44.0081	-0.619775	2.50211	3.35744	-0.976224	-7.14111	0.948027	-1.38021	-2.97565	1.93212	-4.9348	-4.33017	0.175273	-0.753693	
44.1918	-2.51008	1.83729	1.45437	-0.532205	-3.80014	4.73958	-0.400055	3.6652	-5.20234	-7.919	-6.64116	-5.73574	0.836684	
44.5192	-1.5014	4.17291	3.52181	5.75938	0.100674	0.0918745	-0.694344	1.52884	-0.79069	-2.1132	-3.41668	-1.63926	-3.97248	
43.5359	-2.90184	2.20109	8.2345	5.23194	-1.15969	2.57863	-1.8738	-0.367339	2.2941	-5.40637	-2.00366	0.357913	0.249404	
44.8826	-2.6403	2.41016	5.50379	0.867647	-8.77761	-0.421896	-7.62396	-4.26888	1.25549	-0.945466	-0.296759	0.434525	-0.143598	
45.9726	-2.05415	1.42976	2.99147	-1.21605	-5.13245	-0.310377	-1.01157	-5.09851	1.64507	0.410131	-2.4389	-0.0434094	0.145819	
45.4026	-1.91908	-0.322791	2.99247	4.99229	-2.25564	-2.64531	-2.24645	-7.6051	4.35939	-4.0541	-0.554015	5.76059	2.2077	
45.0839	-3.90841	1.85896	6.20363	6.62455	-0.910171	3.8755	-4.22187	-9.51115	1.74923	7.28292	-2.23699	2.1919	-0.448049	
44.438	-3.0805	3.83169	7.34446	8.56777	1.92117	0.259029	-2.2425	-2.27502	3.0219	1.90224	1.93553	1.21348	-0.0970022	
45.209	-2.69325	1.14982	4.68784	-0.0279853	0.591187	-1.87279	4.39332	-0.595813	-0.0303402	0.88321	-5.26501	1.26211	4.7906	
45.6014	-2.37088	1.78727	4.85339	0.305367	-0.854405	-1.00005	-3.46495	1.03166	0.0107046	-10.2746	-1.80231	1.29322	4.09422	
44.9076	-4.19966	-0.627103	1.71804	-0.618751	0.397759	9.44006	-0.576882	5.9517	4.9857	-1.23232	-3.81503	0.631623	-1.59095	
45.8282	-3.59338	0.304505	4.19829	2.0944	-0.555534	0.71452	-2.71952	-0.835888	-3.75785	-3.2098	1.4185	-0.472947	-5.16407	
44.9293	-1.79353	-0.261516	0.113612	4.98807	1.37934	3.9595	-3.81539	-8.7338	1.20444	3.22764	8.50774	-4.57298	-3.98304	
44.9822	-2.36122	0.740056	4.07824	3.59147	-3.67788	-1.58384	4.22757	-1.45139	1.26116	2.34388	-0.820563	-3.07255	-3.17073	
44.9881	-1.40431	-1.03918	3.08703	0.543849	-4.99175	-4.2802	-3.14295	-4.92059	6.5995	4.35446	-1.86621	-0.929435	3.33106	
43.7213	-3.80543	-0.0699628	4.79373	3.93947	1.82474	-5.44917	-10.9814	-5.25649	2.19662	2.04604	-4.80902	-3.64369	-3.80503	
43.8474	-3.00962	2.34703	-0.793692	2.25464	-0.187096	-3.85817	-2.68992	1.92762	1.62398	-2.44839	-8.17215	-0.0273125	2.73912	
44.8952	-1.44761	1.15917	4.04911	8.53299	-1.62993	-0.64807	-0.352493	4.57565	2.09715	0.482894	-2.34201	0.468565	4.26787	
44.4805	-1.2691	0.700942	1.78722	2.7366	-8.24103	-4.27688	1.50811	0.053952	-7.28457	-1.28153	2.25496	3.02681	2.16178	
44.3036	-2.00673	0.981877	3.60398	0.460024	-6.32644	-6.00594	0.376959	-3.10243	-8.01458	1.71184	0.958877	1.53112	1.37013	
43.5423	-4.53471	1.10413	4.35026	2.39437	-3.71352	-0.690207	-3.96883	-0.877532	3.4412	-0.669353	2.56365	6.68934	0.0384759	
43.7523	-2.28305	2.10434	2.59107	1.98196	-2.62383	-1.37747	-5.45928	-2.96525	2.13284	3.72226	0.63124	4.96671	0.488575	
44.928	-0.195525	2.71532	0.968927	4.19292	1.45352	-0.662345	-4.4113	-2.96214	3.83708	4.4636	5.35403	3.76767	0.337722	
43.7507	-2.00063	1.52694	4.06307	0.893924	-4.69586	-1.33281	-2.45745	-1.35376	-2.46692	1.28166	2.64081	0.510568	2.19587	
43.0462	-2.39031	-1.69952	2.14575	0.181677	0.442762	3.12876	0.893158	-4.57781	-1.03722	1.48769	-2.00023	3.43867	-0.948392	
42.8799	-1.39021	0.757606	3.28662	4.23003	-8.56951	0.154181	3.12092	-0.0255299	1.08	5.19545	1.17403	5.04668	-0.0472866	
44.0208	-2.31444	0.610515	2.85828	4.19181	-1.50667	4.58266	-4.66881	-6.2777	4.62808	3.10726	-4.64969	-2.58234	1.92254	
43.0753	-3.74876	2.73586	5.20525	4.1187	-3.52727	-2.13677	-0.162765	1.56034	4.41795	0.682657	-3.37006	-1.95546	1.36814	
43.3265	-3.58608	0.333191	8.65801	8.88205	0.878922	-3.2454	-4.6641	-0.490283	-7.86522	-5.08524	-2.17203	-1.15991	5.11839	
44.234	-1.48333	-1.62779	7.30449	3.16381	-1.19907	-6.76306	-3.35726	2.9063	0.46775	3.74236	1.01598	-1.51539	3.86288	
43.9382	-1.03927	0.227439	7.37315	3.09709	-4.7779	1.35063	-4.8055	1.26073	-2.41853	-1.14143	-0.294636	1.8755	4.33198	
43.3558	-1.50671	0.661336	5.32889	-0.371938	-5.44768	1.12269	0.208851	5.37054	-4.51532	-2.42811	5.56421	5.89935	3.5022	
44.25	-0.991372	1.24627	6.2044	4.45885	0.705617	1.08788	-5.8942	2.99097	0.634767	1.18447	0.971471	0.35844	-0.672823	
43.9194	-3.72347	1.87023	4.31178	1.21491	-2.44371	-0.542593	-6.11168	-0.713324	4.82226	4.58692	4.92996	1.73489	2.39728	
43.5118	-1.40736	1.27594	6.56496	0.614981	0.62788	-0.343475	-0.411485	-4.94287	2.14568	5.00484	5.46523	8.56932	1.93758	
42.8113	-5.02429	-0.549884	0.754747	-2.77425	-4.78717	-8.56699	-5.41871	-0.424913	3.64513	0.339805	2.8789	3.74111	-2.47588	
43.2957	-3.20719	-1.36293	-0.7189	-0.577575	-6.0656	-5.00374	-1.16375	-6.60103	-0.938443	-0.623624	0.2617	5.96041	-0.475237	
42.167	-5.5661	-2.36577	-1.62892	2.63829	-5.65907	-0.758038	-4.62633	0.818999	2.63064	1.89973	0.582561	2.06935	-0.387084	
42.3611	-3.53646	1.6457	6.66345	2.59023	-0.220211	-0.135139	-7.32095	2.06313	-0.0011126	-4.39409	-1.26428	3.65289	0.956394	
42.985	-4.03791	-0.174898	4.85012	-0.055818	1.01335	-0.671313	-11.3315	-2.04241	2.52415	-1.7233	4.38659	4.67982	-0.984617	
43.7713	-2.49149	0.874855	4.62867	0.352858	-0.655903	-2.20774	-6.5256	0.290513	-1.72824	-0.412863	2.03665	2.71246	3.00509	
42.4556	-2.52839	-1.69825	3.18865	2.21382	-5.96115	-0.940253	-5.51282	4.72324	-2.64929	1.67541	8.09901	3.62289	2.9599	
42.8952	-2.76538	1.08046	4.16526	6.52998	-2.02087	-4.65357	-7.24201	-4.97003	-5.03277	3.86515	2.03126	5.5156	6.49525	
42.1278	-3.81807	-1.36586	2.9954	4.17071	-0.442021	-3.78671	-4.151	-3.14419	-3.4908	-6.54755	4.77299	4.00824	5.61168	
43.2944	-3.43416	1.21645	4.65722	1.65464	-5.02033	-1.99331	1.86163	0.00714625	5.57039	4.05188	5.82714	-0.787109	4.5644	
43.6792	-3.26271	1.96128	6.78616	3.21321	-1.21316	-2.50972	-3.51227	1.86774	8.12136	-2.44893	-6.01977	0.822645	6.39388	
42.9858	-1.37237	3.46705	6.27491	1.61245	-5.56261	-1.38426	5.63603	5.79622	-3.48501	-6.16119	0.0523689	-3.30783	0.01839	
43.1528	-2.42743	-0.0834633	3.56308	5.33988	-6.90369	-0.379249	1.99806	2.60104	0.85982	1.37847	4.05759	6.43128	3.80033	
43.4853	-1.44521	0.824316	5.23232	4.67381	-2.93395	-0.184123	-2.73353	-2.48807	-0.501296	-0.242582	-0.706345	-0.820227	1.56274	
42.7754	-3.89197	-0.969186	3.4938	0.245468	-1.90071	-1.49187	3.08687	-0.913578	-4.5587	-6.10055	2.14442	3.3191	1.24214	
41.7573	-3.50089	1.28041	0.434473	-1.43317	-1.07834	-2.29192	2.5374	-0.0285341	0.972694	-0.339488	0.992583	-0.488406	-5.26348	
42.1835	-1.95104	4.01249	4.21786	2.50688	-1.41093	-5.12415	-1.30682	-8.4874	2.07445	-2.05067	0.130333	1.12093	-3.76306	
42.3938	-0.57261	2.95605	2.89197	4.55433	1.14976	-2.97618	-0.459512	4.59856	4.11683	-3.72216	0.411231	-0.194823	-2.87029	
42.3661	-3.42013	1.30651	3.71178	1.92691	-1.783	3.28545	1.64942	6.7101	2.83187	-1.85643	4.75576	1.12712	4.51005	
41.8349	-4.17392	0.319151	4.40206	3.86856	3.65917	-5.7781	-3.63749	1.70579	1.13312	0.415906	4.38413	4.32738	3.67621	
43.0746	-3.54256	-0.965609	0.383718	5.03806	-0.538502	-1.15303	-6.94101	-0.0581385	-3.48565	-4.19713	-2.82198	-1.38181	-0.174216	
42.6638	-3.02108	1.69622	2.66907	0.904404	1.3506	-2.145	-4.99736	-4.72529	-4.90261	-1.40308	-0.644516	-1.55137	-1.12954	
42.9178	-1.70023	3.61211	7.48668	5.24655	-0.525321	3.33775	-4.2674	0.163584	1.29158	-2.19745	-2.77504	6.38001	1.09521	
42.4832	-4.75304	1.59106	9.42729	3.92216	1.1417	-0.5658	-3.18647	-2.17177	-1.56276	-2.81291	2.39235	0.758474	2.08574	
43.0445	-3.88927	2.55064	5.93097	4.70925	2.90923	3.49472	2.19047	3.48492	1.80769	-2.60745	-2.88873	-0.88813	-2.52788	
43.2984	-3.74579	2.53075	0.454694	-1.71502	-3.06967	-3.17488	2.42392	1.93872	2.59229	-1.8029	1.02738	2.84232	3.36278	
42.4236	-3.05109	0.33516	-0.0294502	-0.885967	-3.25943	3.10266	3.76242	2.40419	0.118871	2.11449	-0.172649	-7.87734	-1.21527	
43.1718	-2.98512	1.20036	1.35558	3.26263	3.43059	-1.36086	0.635233	4.53004	2.17545	3.10355	-0.727321	0.919007	2.8897	
42.5282	-4.08571	0.211597	4.28656	-0.979429	3.5178	4.66138	1.13619	5.9859	1.35649	1.31259	-2.56681	0.105562	1.50243	
42.1368	-0.707475	2.00081	3.55079	1.00062	0.415346	0.375859	-5.04803	6.18881	-1.87043	6.28805	3.63121	2.37884	-0.833546	
43.6283	-1.78687	1.94678	5.31592	-0.784968	-2.84761	-4.34149	0.503236	-1.78287	-8.79463	4.89358	0.0212202	7.1027	4.38336	
41.75	-1.65647	-0.153258	3.72864	0.777891	0.636215	1.78787	1.73429	7.64796	-1.81424	-2.12148	-3.62664	1.0347	4.22973	
42.332	-2.35848	0.518386	2.05409	-2.82213	-2.704	0.566663	2.22801	0.455918	-5.99316	-5.50143	2.98349	-1.6514	4.67963	
42.0882	-3.45143	-1.30038	0.48635	-2.86907	-1.87887	-4.22632	-7.00638	-0.623018	0.80969	2.1462	0.463809	2.0738	6.04381	
42.1647	-3.68916	1.84136	1.88686	3.94365	0.258083	-0.649009	2.32906	2.60057	1.57177	-0.719418	4.18416	3.4757	-2.74837	
42.107	-1.58005	1.71818	2.92382	-2.81374	4.83222	3.59359	-2.33249	2.96014	3.29065	-1.84046	-2.62139	4.53775	4.07096	
41.9288	-3.98316	-0.566432	2.13969	-2.33358	-1.42493	0.722771	2.51341	1.59198	4.73044	1.12939	5.65532	3.32838	6.47827	
43.6207	-2.39266	0.255061	0.707365	-0.520802	-3.68056	-1.02921	-2.97545	1.52484	5.2174	0.447384	-3.91536	2.07275	3.09771	
42.7069	-3.04198	3.6442	5.2763	0.102385	-4.17925	-5.24697	-2.47529	2.59578	1.04349	4.86506	-2.62839	-1.07588	0.841347	
43.4187	-1.90515	1.25613	5.65603	6.13868	-0.659866	1.47488	-0.593156	-3.04687	3.62542	4.82835	6.15914	1.95959	-1.07865	
42.2361	-2.37014	3.2882	8.20354	0.223398	-1.60463	-5.01768	0.704946	3.82301	5.05964	-3.47183	2.7926	3.91621	-1.22882	
42.9667	-2.27366	1.0402	0.0552697	1.44277	-3.20264	-1.69177	-1.68761	1.64509	-1.57175	0.923385	4.07336	0.280932	-1.1329	
43.1176	-2.56494	0.724951	4.27904	3.41552	-0.467464	-3.78073	1.48638	2.16286	-5.22841	-0.297799	3.88883	-0.348356	2.93183	
42.6673	-3.76109	-0.993006	2.73453	1.44859	-3.27127	-3.56146	4.33924	-0.00496852	3.34569	1.51749	4.3616	-1.12796	4.42026	
42.3044	-2.17075	0.67551	5.02307	3.63517	-3.75723	-0.479635	-3.00271	-0.0716576	1.28397	-3.10593	1.23897	-1.90483	4.41187	
43.5381	-1.73468	-1.02627	1.63137	0.801083	-7.83604	-6.20681	-5.62086	-5.39282	-2.77764	-2.55644	-2.26416	0.788646	1.55207	
44.0311	-1.19961	3.57913	4.19381	0.863198	-4.13496	-5.09436	-1.85324	1.87778	0.16567	-0.567554	0.438409	1.5111	7.40576	
43.2383	-2.58561	1.87456	-0.20198	2.76595	4.37638	-1.31244	6.9603	4.82001	-3.8124	-2.26393	-6.16217	1.86624	4.23465	
43.5232	-3.32629	2.19372	4.01877	1.80615	0.346144	1.06899	7.45924	-3.52538	-5.60678	-4.5193	-8.42822	-0.661171	4.46194	
42.8937	-2.71065	0.528494	4.21419	-0.0437852	-2.25493	2.57641	-0.607067	-1.22319	-5.86294	-6.19734	-0.819018	-1.97083	3.07959	
43.2423	-3.8245	-1.85005	1.26451	2.33207	-1.82521	1.73226	3.48081	-0.341167	-2.86309	-1.08777	-0.999523	-0.96392	-3.34484	
43.3299	-0.467706	0.867911	3.37832	2.10752	-3.36211	1.78491	-1.45348	1.63611	-1.16041	1.64762	-2.22518	2.98863	0.077574	
44.0022	-2.71008	0.510717	8.30987	4.54866	-4.65461	-3.88144	-3.27515	-1.12193	-6.03267	1.93754	-0.552046	-1.05426	5.43361	
44.1868	-2.4086	1.58951	5.11503	2.03575	-1.73463	1.45131	1.25108	2.25717	-3.06983	-4.90669	-2.67076	-1.24299	2.00877	
43.3484	-3.60397	0.262631	4.49452	6.52601	-3.08472	-2.11411	7.00295	-1.78241	-2.3813	2.66175	3.66618	-4.36552	-3.45796	
