3.00587	-4.08583	1.7172	0.606475	1.84036	0.0286329	-11.7913	1.57269	11.2154	-0.389538	1.42625	11.3299	3.96254	0.409317	
17.3688	-6.28077	2.3623	8.11943	4.19422	-4.73206	-9.53194	0.809072	9.34312	0.0973094	-5.47103	-4.4701	1.38191	6.30919	
22.4842	-4.50137	4.03426	2.60385	-2.65778	-1.56316	-1.32748	0.674317	4.95589	-1.0573	-1.49288	0.835219	1.06545	8.86201	
25.7599	-3.04687	0.745887	1.20902	-0.575633	3.89603	-3.99974	-4.29901	2.82611	-1.61651	2.09085	2.04497	1.45061	-0.123276	
27.0888	-1.12939	2.64049	2.86572	0.788072	-2.37498	-3.36927	-7.13674	1.86713	8.24144	3.31033	-0.749584	2.53082	-0.294093	
29.6745	-0.977143	3.58731	6.11757	1.47138	-4.54661	-0.919446	-2.03535	2.92269	4.08591	-3.43407	-9.43768	2.16989	-0.857713	
30.5217	-2.64401	3.11602	8.05278	0.720947	-6.52007	1.1886	-1.30176	-1.16121	-6.07043	-0.128767	1.34004	3.93157	9.77458	
30.8572	-1.86952	3.12511	5.28153	-0.160628	-7.59301	0.0223715	4.14147	3.54879	-2.77257	-5.06628	0.566684	3.11347	2.353	
31.8425	-2.2179	0.840305	3.36598	-0.699861	-8.75696	-1.38401	3.64707	-0.277725	-2.49679	-0.206168	4.2914	4.96695	-0.16996	
34.1469	-1.1042	2.9466	5.39385	-2.13844	-2.02298	-2.29914	-3.74657	0.159364	3.06718	8.53678	-0.164234	1.02473	-0.416766	
34.4174	-2.10089	-0.0388484	3.23143	1.9917	-2.00449	-2.37096	2.10297	1.8738	5.16035	6.7371	-1.69804	1.92486	2.44418	
33.6887	-2.14788	2.66774	2.6797	-1.35474	-0.684902	3.45726	-2.91424	-1.84282	5.86481	-2.77652	-4.89684	-2.33375	4.14358	
34.8069	-2.95739	1.09742	-1.44917	0.566132	0.471806	-4.17023	-6.58201	1.25819	-0.745375	-0.337424	-2.42278	5.38698	7.11515	
36.3316	-2.65747	2.10071	2.79212	-1.99079	-6.78182	0.507654	-3.36312	-3.91797	2.33716	-1.83635	-0.784536	4.65208	3.26615	
36.9675	-2.67206	2.53042	4.16999	3.50065	-1.25739	1.68056	-3.35534	-0.954895	3.15775	0.663826	-0.789489	5.7495	1.05823	
36.1279	-4.09815	0.671376	5.07006	7.18018	0.196538	4.1476	0.657496	-0.083253	2.53574	3.69563	1.9188	1.64583	-2.6868	
36.6781	-2.81982	2.22805	6.10716	2.55291	-3.04308	3.33212	1.44366	-6.19876	1.21037	4.7457	0.429002	1.22445	-3.11853	
37.9814	-3.18831	2.4806	2.75773	4.26408	1.70993	2.44345	4.09005	0.322259	0.0557845	4.07904	1.16192	1.27057	-2.07232	
38.0315	-0.742855	5.14864	1.51646	-0.216503	0.922683	4.65369	2.71398	-0.568583	-1.58743	-2.89935	-2.66503	0.21996	-3.16558	
39.4473	0.494372	3.77707	2.6367	5.34938	-4.22813	3.88016	9.90169	1.01513	3.67105	1.96481	-3.05256	2.5567	-3.10596	
39.5799	-0.200829	2.61469	1.89636	7.99177	5.51906	5.94976	2.448	-5.80763	-0.912913	3.12023	-3.16243	0.586111	-1.8952	
39.7964	-1.02763	5.59985	2.20156	7.15684	3.36061	3.83182	0.243029	-3.59616	1.30811	-4.95554	-2.97135	4.41419	-1.65326	
39.7547	-0.291905	4.01548	0.72119	0.8252	0.294616	-0.728571	-0.803116	0.0373522	7.48048	4.05153	-2.46071	1.43344	-3.20442	
41.2936	-0.631655	4.3494	1.90129	1.75178	-0.161733	1.56987	-1.86657	-1.44945	-1.32958	-2.75255	-2.23232	-0.299798	-5.62605	
41.2759	-1.11337	4.51537	4.14619	3.65487	-4.09235	6.87024	7.15666	0.542227	4.40173	3.42232	4.48762	3.93855	0.679841	
41.4006	-0.88253	0.578944	5.69464	7.71112	-0.0116994	3.47665	1.24667	4.14398	-3.81465	2.47111	1.13373	-2.0834	1.36502	
41.3325	-2.10546	2.68987	7.98753	2.96775	0.844865	9.40675	6.35729	2.96212	2.43112	0.487504	10.9865	-2.80308	-3.50532	
57.0615	-4.42658	7.78435	1.09642	-8.40367	0.804323	3.69427	-4.26736	-0.747561	3.06287	-0.389885	-1.00408	2.24092	1.15534	
61.4214	-5.75595	8.82868	2.86183	-7.88562	-0.932116	4.21431	-2.19203	0.54618	0.0875477	3.10309	2.82085	3.14913	0.800104	
57.46	-11.1342	17.2807	13.701	-0.794616	3.43083	-1.72135	4.24245	4.07905	0.767149	2.98523	2.93688	2.14353	-2.1654	
57.743	-10.0774	22.2296	10.57	-1.47305	-0.566609	0.95311	4.72087	6.87689	1.9713	2.99246	2.52289	-1.78043	-0.238537	
57.0005	-11.0583	23.7283	9.00945	0.135444	-1.02184	0.206693	-0.0912434	6.11393	4.7336	2.20084	3.82389	-1.49754	-0.725434	
57.1558	-11.1938	23.8116	7.92428	-0.599827	2.1419	2.79403	-1.76552	5.60969	5.42553	0.853295	5.84392	-1.29645	0.039701	
56.2731	-9.43276	22.5721	5.21428	-0.388138	2.7066	-0.399588	-0.773807	6.16287	-0.318831	4.38832	8.21293	-5.04836	-0.364567	
55.6827	-9.65218	24.6747	4.36751	-0.957471	2.36925	-4.88693	-0.30995	6.59927	-7.05952	4.51164	8.91291	-4.84034	2.24206	
55.1454	-8.95347	23.7905	1.56978	-0.517599	0.78272	-6.43737	-0.60277	7.54244	-1.50768	1.0438	4.7	-3.40446	1.60954	
54.8094	-9.00472	23.0472	3.07637	2.4634	-0.802212	-2.52261	1.86863	5.72974	-2.44999	2.1404	3.27417	-2.60727	-0.540766	
54.7949	-9.22119	21.1715	5.43326	-0.905862	-2.72489	-3.25254	-2.73968	8.455	-0.748717	5.42475	0.835045	-3.57212	0.044562	
54.0124	-8.12023	21.4747	4.51396	-0.535719	-0.690702	2.61002	4.89449	6.57981	-6.07534	7.25695	2.16413	-5.79025	4.52875	
54.3514	-8.57522	23.3701	2.81914	0.508397	-0.677503	-5.30196	-3.77452	9.72385	-4.32485	1.95495	6.7672	-5.98052	2.43995	
52.9055	-8.44343	20.717	2.13987	-1.64155	-3.80621	-2.60906	1.82971	6.95944	-0.451908	-0.418334	1.18928	2.24822	2.45111	
52.8565	-7.72075	18.5341	4.39929	2.98985	2.84729	-3.73098	-0.951518	8.11109	-4.60685	1.44518	4.8813	-1.30723	-1.66321	
53.1433	-7.57516	19.1907	6.08791	1.76604	3.00809	-4.09703	-4.676	13.8497	-3.33003	-0.247189	5.73242	-2.64854	-2.13834	
52.0337	-7.23058	19.4335	8.92686	4.96126	-0.224669	-1.03956	-7.79755	4.76189	2.91557	1.44218	5.97185	-3.87565	1.67145	
52.6232	-8.01378	20.4985	1.39061	5.04822	3.37567	0.0214137	-1.90539	3.39378	6.09325	4.05123	0.099968	-4.32306	0.574352	
52.1762	-8.20421	21.5211	3.94227	3.2276	-0.543332	-2.25848	-0.935809	9.05913	1.66765	2.21835	-0.332924	-3.70212	-1.53796	
52.1409	-7.25359	18.4643	5.8452	0.632982	1.30511	-0.75894	1.75189	5.46017	2.76783	7.90778	-0.0423686	-1.86459	-3.02907	
49.6079	-4.38591	10.2139	8.34639	2.74091	-2.31848	-2.42349	-0.268916	8.91643	-1.45779	-0.103302	-7.91776	-3.05098	1.33283	
46.146	-3.96863	7.1311	3.56567	3.64908	-2.52465	-2.76079	0.1285	4.77247	-3.81346	2.97384	0.440278	-1.48579	3.42231	
45.6245	-5.75142	8.49221	5.17673	6.35179	-0.74627	-3.66006	-3.91996	4.25999	5.38665	6.67738	1.06252	-1.55009	1.52843	
45.3404	-2.18783	7.94551	4.2329	5.81757	1.49095	2.0901	3.10266	3.54168	-1.65298	-4.13591	-4.99721	-0.413559	-0.0397974	
46.4493	-2.03844	8.99386	8.20407	8.23531	0.210579	-2.38163	-2.10515	3.80995	-4.03915	-1.9588	0.495517	-0.642054	1.58194	
45.6541	-3.56937	6.7966	9.19511	9.63175	7.18101	4.85376	1.45548	2.52655	3.36803	-5.91223	0.965748	-1.77448	-2.27999	
46.724	-2.9469	5.13082	5.63835	4.70313	2.83679	3.19043	-1.74582	-2.04177	-0.851565	-0.355932	2.76908	1.91807	3.0387	
45.2462	-4.50619	3.52816	7.73524	6.2308	2.4789	4.50532	2.54704	-0.599035	-3.27245	2.15302	-1.76371	-3.61226	-0.432852	
48.9719	-6.29674	7.07808	6.57513	-4.1986	5.22352	-2.24443	5.79248	0.829238	1.6243	0.121311	2.96861	0.425604	0.72157	
63.4469	-8.04399	9.91966	4.1396	-6.7998	9.52365	-0.403019	-1.43614	0.690694	4.23183	0.871257	2.59038	1.54379	-2.0489	
61.727	-9.64487	13.0296	4.31674	-10.6715	4.39973	-5.76667	-1.22317	4.57044	1.34348	3.74525	4.32098	-1.70603	-1.93475	
56.2102	-10.7533	17.1506	10.999	0.768868	6.82959	0.842207	0.60893	-0.172279	0.957909	-0.542205	0.829381	3.17642	1.30146	
57.7518	-10.4466	21.384	10.8282	-5.38007	1.50463	0.993875	0.532053	8.42178	0.680054	2.72666	5.61641	-2.3463	1.86373	
57.9448	-10.8407	22.1948	13.8181	-5.92863	2.01381	-0.133396	2.84481	7.15014	0.880158	1.74051	1.36321	-3.00856	3.82265	
57.7621	-9.42283	21.2234	10.123	-5.77423	3.49974	-2.1583	-1.05906	9.94329	1.46868	3.65184	2.99951	-3.68578	0.955691	
57.3279	-10.3941	20.7862	10.7899	-6.14276	3.05662	-0.334919	-2.39068	10.1414	1.37601	5.6002	4.43373	-4.55443	6.81128	
56.6857	-9.92437	19.9366	10.331	-5.15396	5.25433	-1.49238	-5.5557	10.1864	-1.80354	4.06439	0.602091	-5.30505	2.62549	
56.1466	-10.4272	20.4443	9.33462	-4.16546	4.9587	-2.83179	-2.08422	7.12014	1.34571	2.17341	0.801058	-1.48425	-1.20261	
55.9778	-9.97474	20.0999	9.42511	-3.62502	2.57216	-4.58764	-1.78758	7.99836	-1.08956	7.31836	4.97636	0.1598	0.356552	
56.1978	-10.7832	18.4191	8.54009	-2.16943	6.83921	0.391563	0.0585511	10.3049	-0.816384	6.69621	1.4678	-6.28017	-2.17598	
56.2442	-10.2087	20.1134	7.98016	-3.8131	7.82003	-3.22815	-2.13896	10.665	-0.176019	-0.625147	1.13521	-0.73035	-1.35188	
55.8463	-10.0609	18.7594	9.42499	-5.3295	4.60987	0.407635	1.89937	11.4835	-1.53405	5.3283	3.82531	-1.59164	-1.13257	
56.1939	-11.311	18.3549	11.2085	-5.34385	3.32722	4.34553	2.90366	4.36342	-2.12963	5.03416	5.38218	-3.95172	-2.63671	
55.565	-10.9492	18.1522	10.0701	-6.8215	4.99503	1.32422	1.15239	8.06581	3.35519	4.05819	4.43185	-3.96936	-1.32122	
56.724	-10.6445	19.0694	10.9081	-8.29297	-0.1043	-3.46437	-2.58491	10.2244	2.80687	3.7548	1.59489	-6.38741	-0.0675883	
56.5071	-9.80253	17.7898	10.9068	-6.06165	3.42851	-0.503485	-0.744031	8.82691	-0.372478	0.0948904	-3.18275	-1.00529	2.30162	
56.4164	-9.26638	17.7417	11.5233	-6.81297	2.62367	-1.82209	-0.301214	8.46908	-2.83973	-0.88588	-0.916684	0.475782	-2.94722	
57.3793	-8.73934	17.7419	13.8024	-7.62184	2.72518	0.0580638	-1.77654	10.1848	-4.72334	-2.39916	-1.42751	-3.77927	0.729854	
58.2481	-8.81688	19.0422	17.0346	-9.65694	0.214222	4.10397	2.15985	8.96219	-4.58871	-4.09763	0.323149	-2.81811	1.32473	
59.9943	-8.13595	16.7221	17.9584	-7.28841	3.09255	5.2721	-5.37616	7.53924	-0.372511	-0.264107	-0.600631	-3.69861	-0.358399	
61.4215	-8.74541	16.444	21.1641	-4.69824	5.52086	5.54478	-7.92754	4.85371	0.580917	-1.23846	0.832149	-1.12485	-1.20559	
62.9689	-7.19263	13.79	22.2935	-2.42705	3.1366	7.94727	-4.19157	6.4529	2.40611	-2.97251	0.403219	-0.118324	-2.7054	
65.8437	-7.28032	12.2556	22.1675	-2.10591	2.21568	11.7023	-3.3834	4.11689	1.74909	-1.42894	1.04081	-2.78861	-2.6857	
68.3633	-5.29381	11.4253	21.4555	-3.37349	-0.385126	8.76536	-5.03947	-0.531876	-0.00886568	-2.61168	-2.64283	-3.43343	-1.77336	
69.682	-6.37903	10.5872	18.6061	-3.70905	-4.6265	5.67512	-4.19427	-2.44496	-2.89374	-1.37627	-0.85679	-1.93688	3.54684	
70.058	-5.05806	7.78459	17.6584	-3.84167	-9.80321	3.5483	-4.96606	-6.14687	-5.60635	-1.02072	-0.849054	-0.679412	6.13184	
70.3656	-2.24594	5.05288	18.0479	-7.03703	-12.648	1.3313	-5.90122	-4.08298	-8.67321	1.2149	1.65153	-2.49499	6.65367	
68.776	0.101916	0.507445	15.3306	-9.12359	-14.3376	-4.78306	-4.67717	-6.99533	-8.01032	1.1912	1.28981	-2.40136	3.57759	
68.9579	0.0662653	1.29547	15.548	-6.76018	-13.9675	-1.68333	-2.57457	-1.25238	-5.43192	4.02822	4.76741	-3.53564	4.1523	
69.1717	0.293889	2.01318	13.8441	-5.49666	-11.0645	-2.9917	-2.61416	1.63094	-3.30427	2.45229	7.98122	-1.19371	2.47361	
69.7062	-0.32536	-0.123057	11.4305	-6.3009	-14.2052	-3.28003	-6.50352	-2.08477	-5.9191	-0.0879359	6.69824	-1.17798	1.95592	
68.3497	-0.0497661	-1.24376	9.73304	-7.36836	-16.5106	-6.80975	-3.69704	-0.372638	-7.55616	3.16115	6.76101	-3.90054	1.28491	
64.9725	3.2501	0.617182	11.3894	-1.90108	-16.4072	-1.69641	-2.3051	0.56319	-8.08829	4.18733	4.54801	-4.58251	2.47675	
64.1644	3.5903	1.47376	10.6638	-3.47811	-16.1875	-5.0835	-2.73995	-1.06499	-7.41069	1.53681	3.92343	-4.47753	5.0515	
62.913	4.11358	2.55008	11.8288	-2.81775	-13.8964	-3.14148	-2.68317	4.5072	-8.05082	3.30261	4.07909	-3.3824	0.27222	
61.4352	2.13324	4.84561	7.23635	-1.90612	-13.6698	-5.65828	-0.627026	2.07337	-5.13137	0.983332	3.42834	-4.30256	0.0351249	
64.1076	3.13625	0.559015	9.0595	-3.77905	-11.5462	-5.14806	-1.89894	4.18873	-4.10969	2.63446	1.98105	-0.417873	-2.79533	
60.465	5.09055	2.85975	4.85054	-0.552112	-14.5295	-4.58808	-5.25139	5.17705	-5.89439	-1.68669	3.71102	-0.00453272	-2.17002	
62.1614	6.22767	0.830496	8.26373	-1.92818	-11.9838	-11.0789	-3.23256	3.88681	-8.04048	-0.287636	6.2672	-0.247392	-0.59523	
62.6989	6.07607	0.203792	10.9077	0.547818	-11.66	-5.19058	-1.41634	8.26688	-8.55661	0.433071	2.82869	-1.98582	-0.718366	
63.2307	6.69053	-2.59144	8.21386	-0.401505	-12.5976	-7.77115	-3.03623	3.33071	-8.36511	-0.473411	-0.659088	1.67217	-3.33346	
66.178	2.40838	-0.139736	8.86682	0.191303	-9.06988	-8.40147	-2.58859	6.19522	-9.80331	0.172029	3.45898	-1.07563	1.4762	
63.2992	4.0564	-1.11891	6.54718	-1.26518	-9.7123	-7.54045	-1.74287	8.55515	-10.3358	2.99956	2.76881	-2.76831	1.42203	
58.9745	4.80434	2.65294	11.0713	-4.11272	-10.2462	-9.37364	-1.27907	0.999673	-10.5203	1.16123	2.09089	-5.61684	4.78592	
56.8603	1.13491	0.682217	15.1697	2.94218	-6.4313	-8.80611	0.802724	0.732631	-13.9979	-1.97887	1.7337	-1.52018	5.32423	
54.15	2.68081	4.73773	12.1782	-2.12385	-8.85312	-10.9052	2.0766	11.4809	-6.718	2.1789	-1.84474	-1.11047	2.81375	
54.2066	1.58562	4.1524	15.312	-5.8106	-13.672	-15.7143	-2.15741	0.198575	-6.27616	-3.66073	2.55476	0.682215	5.9517	
54.5472	0.0617668	0.764995	12.9249	-1.0726	-11.2857	-9.14432	-3.22951	-7.1119	-16.2975	1.98992	2.99392	-3.85354	6.12641	
55.4	-2.58918	4.10247	11.687	1.62518	-15.6119	-15.1335	-0.82376	-1.98012	-8.73556	1.74609	2.30156	-3.05898	8.28402	
54.0833	-1.45038	6.38172	9.93421	2.81578	-10.8765	-7.01404	-6.21576	-9.66997	-10.011	2.64224	5.42735	-3.70977	2.82157	
54.3761	-2.9643	9.37096	9.02243	-1.71658	-11.7026	-8.88882	-3.08089	-2.45765	-7.25509	-0.511158	7.75022	-2.24042	3.73452	
53.889	-0.654027	13.0455	8.8293	2.25837	-13.7326	-2.25093	-6.93381	-4.28521	-11.8559	0.754775	7.46891	-5.93342	4.69211	
52.7689	-0.754691	9.50408	5.20575	7.09911	-11.0345	-1.04403	-7.57885	-5.94118	0.743858	8.76052	4.796	-1.51903	3.69616	
52.953	-0.701504	7.37767	6.53731	6.63321	-14.1762	-4.1567	-6.48045	-3.74657	-5.1872	9.6935	1.29209	-2.01833	5.14421	
52.1253	-2.27392	8.52484	7.89633	4.56372	-9.25719	-2.75361	-5.73463	7.0001	-4.43693	9.03378	-0.93929	-3.26165	3.67467	
52.5603	-3.11661	8.76701	3.89406	-0.0641061	-12.7047	-4.34727	-9.52443	0.0663525	-3.56412	4.1131	3.08322	-6.17445	2.6376	
51.8436	-3.3439	8.79715	5.16876	1.51622	-11.3535	-0.623134	-4.58837	-2.73806	-1.56033	-4.26139	-3.46384	-5.398	-3.03954	
52.4642	-1.81391	7.60518	3.09765	3.09636	-13.6127	2.43778	1.20669	0.283461	-0.471179	2.47868	3.94213	5.13143	1.59389	
52.5251	-4.73202	10.4508	10.4171	2.0332	-9.75989	3.96813	-0.631689	0.292964	-3.58128	-4.29501	-0.480602	2.95992	2.9174	
53.3659	-3.98993	9.75853	8.87348	5.69634	-9.37502	0.192152	-8.36181	-5.72122	-5.30822	4.30746	0.277747	0.96018	-1.47216	
53.4433	-6.34695	7.40959	8.42246	2.175	-7.89211	3.68794	-10.568	-2.0811	-5.32198	8.8041	1.25082	-5.78386	-2.06819	
54.3587	-8.8623	2.07463	3.03825	3.80457	-1.78301	3.67033	-2.39121	1.91069	-6.28746	5.82062	2.59971	-2.54966	1.63279	
55.8726	-6.92205	5.46075	3.6961	0.101686	-4.38466	-3.43246	-8.07069	-0.559348	-5.39341	3.55429	0.638655	-4.35047	0.528155	
55.5221	-6.71335	5.22686	0.706728	2.00701	-7.43815	-0.130687	0.119823	-2.50489	-0.0349058	6.4452	1.51035	1.91865	2.06203	
55.0111	-7.87492	3.0676	3.09489	-1.65033	-4.55565	-3.259	-4.81932	1.17226	-0.770111	5.7366	2.5569	3.43998	4.39822	
54.9508	-7.52661	4.50364	0.693223	1.45727	0.71492	-1.23401	-2.75782	-0.538208	-6.65964	-0.503719	-3.19889	-3.44218	3.77922	
54.6877	-7.21107	6.13136	2.80329	6.43934	-0.85534	-2.06879	-2.00523	1.26069	-2.02508	0.530257	0.931747	-3.66591	2.00104	
54.6376	-6.40651	7.62523	1.57379	4.70042	-5.94436	1.05907	-9.15068	-6.07553	-2.9581	-0.467179	-1.50511	0.672117	0.181935	
52.8244	-8.10187	4.74304	3.01577	3.66731	-5.72571	4.34817	-5.46193	2.26385	-3.03159	-2.07172	1.32352	2.17043	2.55336	
53.8316	-5.83596	6.78341	2.29736	3.1064	-3.08306	-0.485039	-7.19742	4.2195	-7.8038	-4.95278	2.20831	1.54379	5.26801	
51.0918	-8.81513	8.05965	2.39276	5.84385	-1.55321	4.03917	-9.16083	3.1942	-2.00323	-4.23637	4.55282	0.0251932	4.23709	
51.4714	-7.77713	8.50409	1.66734	7.55696	-12.156	-1.80002	-5.33967	-5.88685	-1.88454	1.26142	3.33732	2.28089	0.510537	
52.7826	-5.62868	10.9078	0.720534	6.43629	-9.91675	-0.519279	-4.63993	1.31649	-4.42896	0.45932	2.74948	1.44946	2.28185	
51.8012	-8.80952	8.14445	2.66556	5.99644	-9.09269	4.34066	-8.56258	2.37543	1.69225	2.17889	4.81707	-8.24067	-4.28184	
50.6468	-9.9777	7.36299	2.46391	9.27199	-9.15687	2.36455	-5.43793	-3.03004	-2.43038	-1.12112	3.95815	-4.50007	-1.14006	
51.5536	-8.12937	8.83797	-0.954317	8.00327	-6.57303	-1.89373	-6.57293	0.373561	-5.26887	-5.61051	-0.367584	-5.80938	-0.768139	
51.1431	-7.77882	9.27915	-3.0639	5.72824	-6.9485	3.19619	-1.82202	-0.25406	-0.463127	-2.28393	0.904361	-1.40083	2.19681	
50.2812	-7.60538	9.63215	2.77109	3.51694	-6.71297	-1.62637	-0.486833	-1.39046	-5.72053	-4.98852	2.4202	1.97671	4.40347	
50.3181	-7.26642	10.1289	3.41677	2.68113	-7.17216	-0.64506	-4.35243	-5.53823	-2.9326	-3.46577	6.08485	1.15545	-2.00695	
49.2106	-7.04259	9.6748	-2.46487	6.35296	-10.5163	3.10831	-2.5909	-4.52112	-2.08344	-0.470475	0.734898	1.03324	3.42654	
48.7768	-9.54769	10.9406	-1.31494	9.84608	-5.6285	3.08074	-0.501148	-0.653521	4.98891	2.28118	3.43352	-0.749038	4.41038	
51.0922	-5.2207	7.73716	-0.985431	3.62201	-6.74677	-4.18169	2.07175	4.4653	0.00519432	-2.20682	1.94822	0.970312	3.43961	
52.1228	-3.46895	8.16865	0.030824	1.68029	-5.18732	-5.23524	-2.64378	8.12555	-6.43484	-0.173908	-3.19371	4.71498	5.38073	
47.5416	-6.44506	9.26336	-1.22426	3.94731	-8.08975	1.44777	-2.46987	-5.22194	-2.32922	0.529272	1.94979	-1.93334	-0.0523035	
46.8316	-7.55577	6.6694	3.61329	4.09311	-7.99913	-1.43775	-1.10354	-3.56297	3.0318	1.52477	6.40874	3.40801	3.08751	
45.9257	-5.25038	4.68833	3.04003	4.63979	-3.25589	-4.26407	-5.73946	4.42945	4.32351	2.69219	3.22959	3.79497	3.42449	
45.5857	-4.72324	7.26761	-0.0233619	2.81607	-1.17326	-2.01854	-3.25119	-3.90058	-3.64077	0.152265	2.33167	-2.36283	8.91845	
44.9264	-4.1735	3.68383	2.75772	3.33018	-1.53059	0.755867	-0.911527	3.67123	2.38636	-6.74328	-0.238492	-2.4251	6.34292	
44.8907	-3.5023	3.65497	1.71747	3.7535	-5.10899	-3.7682	-4.19768	2.58313	-7.23727	-3.02305	-3.578	2.16617	0.663938	
45.3583	-0.447493	4.40818	2.98462	5.92287	-3.17694	-5.86371	-2.44481	4.14979	-4.73271	5.9296	-2.76045	-1.11003	2.52188	
44.6181	-2.45544	2.25073	3.75331	1.72669	-5.44371	1.07514	0.796116	-1.73035	-10.807	-4.53877	-3.42538	-2.04999	-3.03144	
42.8206	-1.64958	1.45847	4.12227	-1.05056	-4.92535	1.00556	-0.653143	4.87754	3.21528	0.204133	-0.914449	-2.54433	-0.290221	
43.3804	-0.266079	3.60147	2.18935	2.186	-4.25663	-1.21871	-0.612258	-0.0247211	-3.5232	3.21041	-3.00117	-2.47987	5.72087	
41.9944	-3.77825	-0.274406	6.14884	-0.469287	-3.64463	1.32592	3.1775	4.35122	1.59588	8.88301	1.38687	4.92982	3.93418	
43.427	-1.62469	1.62569	4.25269	1.66329	-3.93168	-2.82529	2.38466	1.37802	-0.150354	7.36095	-1.40053	2.82947	3.85914	
42.4861	-2.51762	1.97755	4.82249	4.12082	6.44019	-1.53336	-2.11016	0.371858	-8.49791	-5.64814	-2.82791	0.907634	-0.96347	
42.8859	-2.69833	2.37399	1.22635	-2.14456	-1.61161	-5.3914	-4.41816	0.833034	-2.87896	1.6881	1.95823	-0.3309	3.81581	
42.5445	-1.64648	3.3556	2.06957	1.65062	-1.50444	-1.73141	-10.4945	-5.12098	1.12491	-4.43619	-3.18109	-1.44517	2.13332	
42.4892	-2.19583	4.2213	5.05859	2.91609	2.43841	-2.08568	-2.22177	-0.179256	-2.09105	-2.31232	-6.91553	-6.19525	-1.07224	
43.638	-1.47974	3.88584	3.10689	0.198435	-0.973179	-2.75016	-2.58409	-5.27939	-0.242409	-4.14916	-5.40719	2.25403	0.137995	
42.7019	-2.70842	2.39169	2.46546	0.464747	-4.55444	-9.9003	-6.08671	-4.42761	1.34726	-2.00623	1.98038	-0.379766	-1.62704	
42.4831	-3.80236	2.39088	7.26557	0.917721	-2.81622	-2.30938	-1.6289	1.96494	-0.46131	-3.87395	-1.69222	4.16338	1.31184	
42.5239	-4.05126	2.58662	4.51944	0.20485	-8.17008	-6.63867	-3.96868	-1.0459	3.73826	-4.3208	-5.29348	3.31964	3.55443	
42.7866	-2.91037	1.54666	3.37353	3.12344	-2.76894	-5.19399	-2.50768	1.72525	3.93151	4.798	-0.568402	0.553837	6.55166	
42.8156	-3.0008	0.197042	5.0401	3.61245	-1.47934	-2.38662	-3.06646	2.93473	0.17219	-1.78669	3.7289	6.03628	1.58244	
42.5754	-1.05891	0.967673	2.04154	-0.848559	-0.701386	3.49864	0.0768714	1.66761	-1.06682	-1.04481	0.601401	-0.822487	-1.38452	
42.1731	-2.75502	3.55178	5.88622	4.34123	0.389646	3.48098	2.1014	-2.56287	0.340123	4.16204	-0.905622	-0.799252	0.825775	
42.2263	-4.03582	2.84837	4.1885	1.85885	-4.27393	-2.48932	-4.31947	-2.31523	2.2934	4.08978	-2.86582	-0.499612	-4.00718	
42.9124	-3.05246	1.91864	4.1496	-1.94056	-8.14979	1.63454	3.56413	-1.53654	-1.11752	6.13791	-3.17527	-0.67032	3.69366	
42.6616	-2.74494	1.35832	3.95792	-0.868693	-6.47296	-2.92283	-0.657184	4.59522	-3.04097	-0.0460295	-1.07623	0.00534576	2.34974	
42.5354	-3.44908	-0.252811	1.71527	0.161295	-1.44092	-1.58139	-0.294932	0.793197	1.31348	2.43994	1.47994	4.69262	8.06395	
42.1573	-4.11613	0.24754	4.88848	1.40518	-2.09137	1.80978	-3.34427	-0.405485	-4.93361	-3.59594	-3.58191	3.12327	4.02785	
43.5173	-1.18546	2.53764	5.88788	2.22746	-4.498	-3.19606	4.24476	9.75881	2.53307	-3.2712	1.06768	1.88091	2.23627	
42.3334	-1.79822	2.54546	2.06504	1.05195	-6.58654	-10.6569	-3.76425	1.78509	1.0937	-2.93261	-0.658497	1.81138	2.53002	
42.5907	-1.94038	2.05381	0.87562	-1.56072	-7.39785	-6.01167	-6.92075	4.79745	0.663938	-0.384785	2.78695	-0.21382	3.35693	
43.3145	-1.64701	1.20344	4.0102	2.09045	-4.65208	-3.57322	1.27168	2.38132	2.00498	4.02985	5.02209	-0.217618	6.22451	
41.8965	-4.63808	1.14221	5.04679	0.224073	-5.94383	2.40878	3.87927	0.940903	7.04709	-4.34737	-1.65924	3.21218	6.60212	
41.502	-4.92268	3.22074	6.37752	1.43147	1.61178	5.69086	4.54077	2.19917	4.36256	-2.48982	-1.75457	-5.24147	-1.57495	
42.9052	-3.23447	4.25671	7.03896	0.185628	-4.27877	3.10227	2.06722	1.95436	-1.3699	-3.31055	-1.70102	-0.507029	4.42569	
42.9805	-3.65777	0.0533799	2.60043	0.14537	-2.40542	-1.36465	-4.7744	-6.90158	-9.17798	-1.13696	3.15074	-1.61044	4.3772	
42.3532	-4.09724	3.50332	0.815287	-2.35266	-2.85387	-5.36635	0.500469	1.26375	-4.10452	-5.85123	-9.65189	2.1713	5.04747	
42.2931	-3.11518	-0.231105	3.26762	-1.3291	-1.75487	3.37719	3.21431	9.24894	3.97972	0.88175	1.52972	7.27406	7.56379	
42.9517	-1.98651	0.371774	1.85639	4.81679	-4.26652	0.678138	3.35671	-3.41634	-0.313108	2.73231	-2.02813	-0.979373	8.57905	
41.0684	-4.51209	-0.112152	3.40561	3.97788	-3.04142	3.67031	5.95211	-4.02861	-3.91492	2.96945	1.73746	0.951351	2.804	
42.4524	-3.88948	0.579703	3.55967	-0.734707	-0.944471	4.7946	7.81944	0.823247	-2.68025	1.56088	-0.395766	1.16362	0.0689699	
42.0196	-2.2153	2.69927	1.12037	1.44155	1.07353	6.08697	7.30928	0.265159	-5.78955	-0.021501	8.24695	-0.58696	-1.73944	
42.3741	-3.88954	2.70118	6.21352	-0.269036	1.23208	5.98078	5.48265	4.25957	2.04104	3.92619	4.18567	1.27436	2.33772	
42.6462	-4.83938	1.15456	3.96671	6.61481	1.10951	4.44528	6.17533	-5.47689	-2.99611	2.86568	4.07381	4.93745	3.57057	
41.9579	-1.39974	5.61517	4.06031	3.1021	2.5433	-2.55301	5.42071	-1.55756	5.87031	0.143728	-4.63485	-3.13168	3.26252	
41.9327	-2.17271	2.04746	3.29119	2.45711	-5.24354	6.37608	4.19137	-0.804587	7.18006	6.07035	-1.46353	1.30546	1.82482	
42.0549	-3.47275	3.70241	5.4602	-0.368197	-2.60047	5.19591	-1.25825	-0.247654	4.71899	1.47758	1.09839	4.2519	0.254065	
41.3876	-3.22466	1.23129	2.02371	-3.33553	-4.82758	-0.0804624	-5.03566	-4.38755	-0.548761	-0.642463	-8.60787	7.50442	1.122	
41.9506	-5.18162	0.409831	4.26101	1.80488	-5.02687	-5.51776	-3.22	-1.55908	-1.49641	-4.6634	-4.17987	3.55793	1.1904	
42.0005	-2.99438	2.83466	5.54768	0.710382	-1.50347	-5.88136	-2.7931	1.06933	-0.614357	-3.84891	-6.92227	2.87711	-0.255216	
42.7895	-3.18988	1.67556	5.6322	-0.27293	-2.37279	-4.40458	-7.06416	4.89224	0.963238	-3.73677	-3.45555	-0.383431	2.0686	
42.9506	-3.49252	0.231305	6.19077	2.59777	-3.6245	1.72949	1.75853	4.26126	-0.22245	-1.06296	3.35581	2.27755	-1.63229	
42.6664	-1.65882	1.51506	2.00656	-1.05355	-1.47083	1.80716	0.673412	0.622005	1.71965	-0.0147076	5.0156	4.53531	0.411487	
41.9696	-3.69773	2.67234	1.7692	1.61271	-1.98492	3.07322	0.837845	-4.06777	-1.40428	-2.72066	5.73896	1.74976	1.40881	
42.148	-2.47711	2.51022	3.69564	0.6963	0.351116	-3.63067	-0.546833	-5.46543	-6.1722	2.63112	-2.55755	-3.71228	-1.15966	
41.9737	-1.49799	4.3556	3.36334	-1.15494	0.729017	0.171956	6.76316	-0.14011	0.552847	0.125422	2.40618	1.15141	1.44563	
42.1159	-2.0754	2.37805	1.65765	-1.17729	-4.4584	-2.29955	-1.55853	1.22203	1.8052	-6.32181	-1.52765	-2.77099	1.70291	
43.1746	-0.344808	3.37611	2.89656	5.29548	-1.16772	-0.965031	-3.78318	-6.43456	-2.2358	-0.910704	2.71243	-0.10157	0.89371	
42.3614	-3.29323	1.99128	4.87393	1.11273	-1.39067	1.78406	-3.65142	-6.50348	-1.30589	-0.439512	-3.59322	-3.79805	-3.7901	
42.2219	-2.55527	5.45768	5.02246	10.1013	0.373678	1.129	1.44899	-3.85144	-0.390756	-1.31181	1.46749	0.875446	-2.46618	
41.5254	-3.6185	2.38573	1.71095	3.35831	-1.73554	-2.29296	4.23765	7.61046	0.378144	-1.87163	2.90787	5.89378	-0.513799	
42.4573	-0.926008	4.40061	2.06812	-3.52614	-1.2	-0.278937	2.4508	5.69534	-6.24487	-4.66597	0.706854	0.137479	-2.53842	
41.7825	-0.887565	2.57107	-1.27166	-3.03627	-1.13328	-6.17005	-3.50639	-7.1852	-3.89483	0.301752	-2.60648	3.06617	-2.43092	
42.7505	-2.20639	0.05115	4.87927	-1.28579	-2.24892	0.614455	-3.19121	-8.23423	-3.8591	0.170433	0.699519	0.57148	2.25207	
42.3065	-2.73456	2.64526	6.30398	6.35568	1.44757	-2.79059	-2.02736	-4.65892	5.22383	4.7939	-0.667336	-5.07352	-0.614078	
41.9149	-2.31844	2.34572	1.65312	1.35575	-1.22056	1.82791	5.55265	1.17066	2.9012	2.79963	1.49253	1.85449	6.66199	
42.9126	-0.572693	3.31371	1.3211	-2.21257	-2.49246	1.14699	1.98207	-0.907218	-4.42918	-4.9733	2.86853	1.67689	2.87241	
43.4854	-1.31953	-0.479347	4.55525	3.21867	-2.43052	1.88009	-1.59747	-1.00382	3.79313	-0.71553	-3.16605	-0.618709	2.56459	
42.6582	-3.01725	2.78666	5.57413	2.05922	-4.39767	-2.48624	-3.57165	-2.47407	1.27791	3.73713	2.01242	2.39643	-3.82966	
43.167	-3.6796	1.00106	2.68841	-2.26239	-4.21577	-1.55874	-1.65892	1.72821	11.3852	7.79965	0.682206	0.719853	-0.25149	
42.5848	-5.07442	-1.74481	0.0453703	-3.02043	-2.86962	-0.0120386	1.31849	2.0816	-2.90268	1.05452	-2.00171	-1.05093	2.40943	
42.2861	-5.33021	0.732375	4.18788	0.991561	-3.89586	-8.00506	-1.86673	3.74534	4.22434	-6.81569	-4.31428	2.7885	-1.4528	
43.0829	-3.45807	4.13097	10.3713	-2.65312	-6.67262	-2.25907	5.26703	4.37019	0.0889929	-0.328039	-0.26259	-1.83491	-2.28141	
43.7292	-3.12822	5.7228	9.40993	3.38784	0.0377973	2.45041	-1.57763	-7.27013	1.90106	2.30513	2.18599	-0.233085	1.65444	
41.7915	-2.54393	2.00351	1.71906	-2.71474	-3.62215	1.119	1.41872	-2.42227	0.440236	-1.19595	0.278148	2.15347	4.53435	
43.7679	-1.14152	2.66599	6.80232	-0.128044	-6.53189	-0.705395	0.526441	5.83257	2.95901	3.69181	-1.82191	1.70403	3.11188	
43.2935	-1.98341	1.34034	4.6988	3.87833	4.17547	3.52021	-4.37424	-1.32062	-5.07419	-4.376	0.990016	-0.0767225	-3.02827	
42.4415	-3.65345	-0.493637	3.68828	4.23251	6.43642	2.88324	5.62911	3.99023	-4.2488	0.985742	7.76333	0.40205	3.22067	
43.1342	-2.69361	3.44108	7.01816	2.39833	-0.159589	0.493171	0.150044	-6.27716	0.448959	4.9055	0.449352	1.37365	6.53333	
43.7614	-1.92539	2.30237	8.74105	3.53171	-0.0950774	-1.16717	-4.54745	3.69089	3.49552	-2.37382	-0.166908	-0.846828	2.26728	
43.1632	-2.97992	1.83984	6.11792	2.3199	1.57244	-0.801423	0.0279379	11.0849	4.86526	-0.664932	2.55338	3.53627	4.47374	
42.6382	-2.21126	1.98522	6.34351	5.3126	-0.594417	0.193476	3.26535	4.80523	3.25835	-3.11794	5.87351	2.17713	3.03137	
42.8751	-2.02821	2.45845	5.53795	1.65503	-0.455646	-1.76691	-5.07632	3.70134	2.85515	-0.119736	1.3449	2.42082	-2.83199	
42.8914	-2.18341	1.35221	4.81292	-0.314683	-1.9043	-1.226	7.96521	4.57686	5.19552	2.45145	-3.30469	2.82151	0.253301	
42.498	-3.0375	1.05287	3.49329	-1.21898	-2.24316	7.79303	2.20466	-0.402158	1.73153	9.72733	9.02091	8.21697	-0.15005	
42.8339	-0.718635	2.54354	1.88748	-0.0635484	-4.53298	-2.67021	3.75659	0.877852	-2.1133	-2.98705	1.55483	7.21218	0.812604	
43.0357	-2.58069	1.33202	5.36879	2.53446	0.386505	-2.0599	0.551839	0.742826	-0.563538	0.11006	5.48878	-3.14299	1.31459	
43.1151	-3.86101	-0.938707	1.77389	0.467723	0.930648	3.30097	5.64311	1.7686	4.30334	6.97606	0.172215	2.82289	3.53779	
42.4817	-1.26811	3.1367	7.16053	0.0672898	-1.03287	-5.79068	-2.65714	2.90456	4.61954	1.52267	-1.69227	0.694949	3.97314	
43.2333	-3.96901	2.92073	4.87331	3.2532	4.55446	-1.68288	-2.43485	-1.45718	-1.55395	-0.152616	0.13647	6.15189	8.94208	
43.0637	-1.72794	1.89664	4.84399	2.49694	1.28331	4.29914	-2.28617	-1.54923	0.218399	4.51549	3.09266	3.20024	-0.858979	
43.4484	-1.01858	0.463097	5.66369	2.03432	-5.37268	-1.92073	-9.71568	-3.8108	-3.53661	-6.41816	-7.30406	0.387617	-3.3081	
43.3606	-0.952663	2.70799	4.95538	0.881132	-2.49869	5.24682	0.989277	-4.57838	1.80477	0.158153	-1.30865	8.09355	-1.17041	
43.7296	-2.44976	0.998763	2.66324	3.22842	1.89181	3.31931	4.66854	-2.27517	2.56089	5.88921	-2.30136	1.17298	-4.17007	
43.1068	-0.764603	2.03443	3.64044	2.2445	-0.951482	-0.895792	1.72636	-1.10887	0.294062	-3.15113	0.644006	4.45791	-5.50855	
43.3554	-2.05699	1.46051	5.30487	2.21996	-2.50498	5.9141	7.98395	1.19563	3.94924	4.44997	1.3844	-1.62189	-5.83768	
43.355	-3.44379	-1.78598	4.60973	2.40957	-6.09164	-4.16154	6.45709	-6.88027	6.68092	0.526121	-2.24027	4.2354	2.03233	
44.0295	-1.65122	-2.08855	2.02068	1.50906	-0.620075	-0.831977	3.0555	-2.11728	-4.57419	-1.26632	-2.23732	2.75166	-0.269265	
43.6479	-1.34316	-1.21064	4.22767	0.996328	-2.12995	-0.944097	-0.185508	-3.34755	3.52321	0.437065	-5.02675	-0.135729	-2.09713	
43.3282	-3.05115	2.2473	6.04414	3.7619	4.22083	6.08589	-1.51626	2.32114	1.85484	0.936194	-4.91955	-3.70847	-9.58608	
44.2269	-4.74391	0.13098	4.50682	-0.021327	2.2353	0.838021	-0.326554	1.68829	-0.977141	0.835802	-3.99418	-1.68262	0.839322	
44.8273	-1.44805	0.493503	6.35476	-0.288657	-2.10945	0.480564	-1.42867	3.16039	4.58101	6.87501	1.67106	1.88066	0.666806	
43.2111	-2.74932	-0.21067	1.02412	0.35109	-3.41672	-2.40765	-5.4028	2.65739	2.4472	-1.27235	0.636406	-0.809929	-1.17705	
43.5778	-1.20602	3.83728	3.38137	2.03886	1.59611	7.95894	1.12542	2.5881	5.43735	3.88719	-3.40093	-1.05351	-1.93109	
43.5946	-0.749859	0.0196494	2.69228	-0.284302	-2.99035	0.2059	4.27738	-5.06514	-1.17969	3.13682	-2.96161	3.95493	2.52742	
44.4256	-0.432986	2.62485	8.94267	0.510893	-3.56436	-0.132238	3.70628	-0.593018	-2.27258	2.49198	3.79263	-2.92738	-1.46313	
44.1484	-1.37235	5.47284	8.70795	-3.58462	-1.71389	0.0633915	2.30628	3.95631	4.91377	-0.841693	-0.748944	-2.92915	1.15827	
44.0928	-2.00981	3.00328	5.92546	-0.642937	2.15628	-0.32445	2.61118	-0.365632	0.218088	1.92847	-1.26053	0.089719	-0.713658	
44.9176	-2.9281	0.97745	6.30828	-1.17835	-1.08653	0.166528	0.598281	-5.20517	-1.13949	-0.539064	0.0649473	-0.267781	-2.40135	
45.0818	-2.34406	1.2785	3.98542	4.33428	4.41996	3.87786	2.73007	-1.50933	4.71263	1.32567	2.40652	2.15184	6.68253	
44.2806	-2.98271	4.00835	8.51992	7.59395	1.48871	9.11608	3.79433	-7.23788	2.96336	1.70699	-8.54003	-3.82354	-0.245328	
44.6625	-1.76265	2.2501	5.81161	0.600262	0.281101	3.30219	0.106507	-0.425507	-1.51058	0.136078	0.75538	0.210815	0.263395	
44.1383	-2.93214	1.96687	6.8327	-1.29887	1.94549	1.66162	2.51349	-1.29353	-2.44942	3.48885	2.30432	2.95499	7.03743	
44.298	-1.14248	4.15444	5.47273	0.421721	5.94305	4.17523	5.47416	-2.13069	-0.669897	3.14299	4.38589	-1.97861	2.40972	
43.343	-1.0575	5.01669	12.2028	-0.19015	-1.96352	2.56382	4.49623	1.57302	-1.0123	2.55283	1.68405	-1.42002	-2.39301	
43.7859	-2.56261	2.12785	7.72064	-1.0974	-8.33381	-1.1848	1.17754	-3.20036	-0.397799	4.63885	-3.25351	-0.844291	2.88978	
43.8093	-3.05097	1.49401	1.44671	1.73502	-0.933832	2.95189	-1.85922	-6.25963	-1.80856	2.9789	1.02706	2.14848	2.35225	
43.7396	-3.32029	4.35254	7.79978	3.86363	0.0840137	3.47402	2.29823	-5.2314	-2.54744	2.81081	-1.66681	-0.150322	5.0359	
44.2606	-2.31624	1.44716	7.30888	6.70695	-0.071555	-1.176	1.64466	-0.995592	0.935668	-0.379448	0.734941	4.99267	5.95412	
43.4675	-1.40765	-0.758029	6.85553	-1.41619	1.11362	-0.234984	0.937753	2.55012	1.67369	-2.02168	4.60036	-0.166915	0.0878348	
43.977	-1.02048	0.427699	4.52423	-0.665781	-3.28438	-3.42806	-0.169192	0.733488	4.60793	-2.57128	1.64528	1.34219	2.55157	
43.4777	-1.54719	-0.0360669	5.71144	1.17792	-7.41239	1.9	-1.97155	1.376	3.20022	-3.22406	1.53092	2.33341	2.45337	
43.4462	-2.34949	1.13225	5.7585	1.72469	-5.37297	2.05786	0.59448	1.75966	-4.44621	-6.85668	-2.23774	-2.37728	-0.477603	
43.3936	-1.05364	1.9262	3.28961	-0.185772	-5.71867	2.74504	1.23241	-0.554866	-0.106827	0.661904	-0.196904	-0.446042	-3.73451	
45.3337	-1.37821	0.65542	2.38165	4.15899	-4.11665	-3.94548	0.463065	-5.92357	-1.28906	6.67531	0.733683	1.05048	3.30442	
43.4707	-1.93305	2.28576	3.88419	2.26246	-1.67826	4.79165	1.6716	-4.21303	-0.858574	3.0771	0.634522	-1.39226	-1.23082	
43.6793	-1.99391	1.84708	7.07208	-0.461382	-9.05615	-1.61691	8.122	-5.87108	-4.60478	-5.71558	-1.22104	2.16513	-4.90446	
43.5069	-2.70334	1.26952	6.58019	1.02975	-5.7246	-3.2762	7.91725	-2.96578	-8.71186	-1.53467	0.492938	1.38275	0.0579373	
43.1499	-2.40795	0.995572	6.13795	6.07591	-1.87948	-0.481317	3.0486	4.11663	-1.26777	-0.955541	-2.39473	1.49082	-2.8993	
42.2106	-3.67268	-3.14289	5.26042	4.38908	0.51121	2.44448	3.93055	2.46026	-2.06726	-6.20329	0.469808	5.09587	3.62688	
43.2231	-2.24217	1.68649	5.32316	3.68257	-0.370142	2.2056	2.24878	-3.27199	-0.737402	-1.19303	-0.332654	-0.0171555	2.17289	
44.4569	-1.26728	4.50449	6.14222	4.88732	3.40324	2.23212	5.38652	1.15826	-3.73101	-2.09565	-4.77588	0.565225	4.42215	
43.5833	-2.59027	1.4926	3.96128	0.814032	-1.57368	2.87421	1.64962	0.953766	5.61217	-2.56976	1.05027	2.55175	-2.96134	
44.186	-1.58803	0.930946	3.60467	-0.53332	-0.155266	0.277933	-4.75695	-0.984499	-2.08062	-1.6411	8.69182	-2.67868	1.3018	
